{
    "trj_id": [
        0,
        80,
        106,
        114,
        126
    ],
    "trj_est": [
        [
            [
                -0.9995793154019172,
                -0.014191935117850841,
                -0.025293896462288336,
                -0.6832
            ],
            [
                0.015225986420031567,
                0.4854905164113444,
                -0.8741093340150208,
                2.6909
            ],
            [
                0.024685249809780416,
                -0.8741267342052048,
                -0.4850701918171965,
                1.7372999999999998
            ],
            [
                0.0,
                0.0,
                0.0,
                1.0
            ]
        ],
        [
            [
                -0.9882999644167434,
                0.03661192873251433,
                -0.1480744734606813,
                -0.25190764264843
            ],
            [
                0.1468342890329194,
                0.49130025416120854,
                -0.8585276230484375,
                2.6951800877102206
            ],
            [
                0.04131746213245346,
                -0.8702392924882817,
                -0.4909249430548914,
                1.736487537200005
            ],
            [
                0.0,
                0.0,
                0.0,
                1.0
            ]
        ],
        [
            [
                -0.978433110377558,
                0.04575529368213645,
                -0.20145225017924714,
                0.08332899589946169
            ],
            [
                0.1977066968928453,
                0.49024023247014714,
                -0.8488737716286047,
                2.7130105061782945
            ],
            [
                0.0599193171073285,
                -0.8704126887169552,
                -0.4887064477420145,
                1.7028292948033963
            ],
            [
                0.0,
                0.0,
                0.0,
                1.0
            ]
        ],
        [
            [
                -0.9778660450906732,
                0.05597002510176579,
                -0.20162830798281967,
                0.16505362689066821
            ],
            [
                0.2018031111722099,
                0.5071369848822089,
                -0.8379163518422434,
                2.65964602964368
            ],
            [
                0.055353403349396625,
                -0.8600778759608575,
                -0.5071995833884945,
                1.6746734011362423
            ],
            [
                0.0,
                0.0,
                0.0,
                1.0
            ]
        ],
        [
            [
                -0.9750597713069353,
                0.08162276408720445,
                -0.2064062533983945,
                0.2598810174897093
            ],
            [
                0.21982392877377424,
                0.48393248059713445,
                -0.8470577012651699,
                2.5133763377706018
            ],
            [
                0.03074591807777134,
                -0.8713233344269808,
                -0.48979952847448105,
                1.6473660628626097
            ],
            [
                0.0,
                0.0,
                0.0,
                1.0
            ]
        ]
    ],
    "trj_gt": [
        [
            [
                -0.9995793154019172,
                -0.014191935117850841,
                -0.025293896462288336,
                -0.6832
            ],
            [
                0.015225986420031567,
                0.4854905164113444,
                -0.8741093340150208,
                2.6909
            ],
            [
                0.024685249809780416,
                -0.8741267342052048,
                -0.4850701918171965,
                1.7372999999999998
            ],
            [
                0.0,
                0.0,
                0.0,
                1.0
            ]
        ],
        [
            [
                -0.9884838153239814,
                0.04062187401250722,
                -0.14577246034232996,
                -0.2557999999999999
            ],
            [
                0.14685102072013986,
                0.49004473270413695,
                -0.8592385801757181,
                2.6951
            ],
            [
                0.03653114501349785,
                -0.8707502645998122,
                -0.4903666507251073,
                1.7357
            ],
            [
                0.0,
                0.0,
                0.0,
                1.0
            ]
        ],
        [
            [
                -0.9778815402161952,
                0.050358483424360445,
                -0.20300669065723048,
                0.08770000000000004
            ],
            [
                0.20119914817998227,
                0.49169795490194007,
                -0.8472024692580279,
                2.7031000000000005
            ],
            [
                0.05715414312236336,
                -0.8693084287480758,
                -0.4909544374292794,
                1.6995
            ],
            [
                0.0,
                0.0,
                0.0,
                1.0
            ]
        ],
        [
            [
                -0.9772403281944675,
                0.06209326461512423,
                -0.20284419498670828,
                0.17040000000000002
            ],
            [
                0.20611950775669818,
                0.5040324118526208,
                -0.8387288455300475,
                2.6487999999999996
            ],
            [
                0.05016063668361902,
                -0.8614497978939144,
                -0.5053594327169801,
                1.6681
            ],
            [
                0.0,
                0.0,
                0.0,
                1.0
            ]
        ],
        [
            [
                -0.9742964242529936,
                0.08589019805330685,
                -0.20825309497386682,
                0.2650999999999999
            ],
            [
                0.22352133637593333,
                0.48355038253955707,
                -0.8462961891268121,
                2.5007
            ],
            [
                0.02801231644379931,
                -0.871092361018171,
                -0.49031970050492635,
                1.6431000000000002
            ],
            [
                0.0,
                0.0,
                0.0,
                1.0
            ]
        ]
    ]
}