{
    "trj_id": [
        0,
        80,
        106,
        114,
        126,
        141,
        150,
        156,
        166,
        174,
        182,
        190,
        198,
        208,
        216
    ],
    "trj_est": [
        [
            [
                -0.9995793154019172,
                -0.014191935117850841,
                -0.025293896462288336,
                -0.6832
            ],
            [
                0.015225986420031567,
                0.4854905164113444,
                -0.8741093340150208,
                2.6909
            ],
            [
                0.024685249809780416,
                -0.8741267342052048,
                -0.4850701918171965,
                1.7372999999999998
            ],
            [
                0.0,
                0.0,
                0.0,
                1.0
            ]
        ],
        [
            [
                -0.9883002895661158,
                0.03663374912964055,
                -0.14806559932823746,
                -0.2519271028668134
            ],
            [
                0.1468381919217584,
                0.4912802937121466,
                -0.8585382947723805,
                2.6951761991931327
            ],
            [
                0.04129102512142156,
                -0.8702494649566803,
                -0.4909089012965613,
                1.736444902731016
            ],
            [
                0.0,
                0.0,
                0.0,
                1.0
            ]
        ],
        [
            [
                -0.97839411408664,
                0.045617196753827846,
                -0.20167217810999957,
                0.08360385769401465
            ],
            [
                0.19784131335076846,
                0.49007968526065576,
                -0.8489348537922685,
                2.711924850573957
            ],
            [
                0.060109340339303076,
                -0.8705104873606354,
                -0.4885093445084212,
                1.7017014274229265
            ],
            [
                0.0,
                0.0,
                0.0,
                1.0
            ]
        ],
        [
            [
                -0.9777620476663537,
                0.05594588079711244,
                -0.2021365280588895,
                0.16573119675880038
            ],
            [
                0.2022554157979512,
                0.5066893537982224,
                -0.8380785115219801,
                2.657451992353337
            ],
            [
                0.05553167598872821,
                -0.86034390835632,
                -0.5067296025606334,
                1.6723206120355445
            ],
            [
                0.0,
                0.0,
                0.0,
                1.0
            ]
        ],
        [
            [
                -0.9745023593394292,
                0.08159699902466074,
                -0.20903019640424658,
                0.26497097875202064
            ],
            [
                0.2221009387064035,
                0.4836589038035329,
                -0.8466195282113127,
                2.507579833860608
            ],
            [
                0.03201624917234899,
                -0.8714770675621898,
                -0.4894434221016856,
                1.6441017179377349
            ],
            [
                0.0,
                0.0,
                0.0,
                1.0
            ]
        ],
        [
            [
                -0.9554825534406731,
                0.1029909810229844,
                -0.2765037523096694,
                0.3240193609843359
            ],
            [
                0.2906635427279793,
                0.489864224839287,
                -0.821929308138677,
                2.320413597556889
            ],
            [
                0.05079553970720423,
                -0.8657283382644132,
                -0.4979888837683252,
                1.6379430714988015
            ],
            [
                0.0,
                0.0,
                0.0,
                1.0
            ]
        ],
        [
            [
                -0.9397198834220347,
                0.12826046451594086,
                -0.3170013434185087,
                0.3669524053835733
            ],
            [
                0.33950937991972374,
                0.46098203587266245,
                -0.8199112588283954,
                2.2005992937722607
            ],
            [
                0.040966534285666815,
                -0.8781260006902358,
                -0.4767335845193699,
                1.6282803787026896
            ],
            [
                0.0,
                0.0,
                0.0,
                1.0
            ]
        ],
        [
            [
                -0.9257682555275408,
                0.1500519828742794,
                -0.3470655189914207,
                0.3988315030256515
            ],
            [
                0.37717841364502924,
                0.4312129104993433,
                -0.8196450231571144,
                2.1317567088879437
            ],
            [
                0.02666674159248397,
                -0.8897218853731377,
                -0.4557927936227005,
                1.6303964014968426
            ],
            [
                0.0,
                0.0,
                0.0,
                1.0
            ]
        ],
        [
            [
                -0.8944739316019368,
                0.17064342162730659,
                -0.4133020356511916,
                0.43681399263541626
            ],
            [
                0.44562101242700575,
                0.41660230604238624,
                -0.7923977284000204,
                1.9940953697068362
            ],
            [
                0.03696124892399159,
                -0.8929672743462151,
                -0.4486735664115194,
                1.6330387601564038
            ],
            [
                0.0,
                0.0,
                0.0,
                1.0
            ]
        ],
        [
            [
                -0.8695788978064972,
                0.18805307515133887,
                -0.4566108613355085,
                0.4485779176348904
            ],
            [
                0.4921294304513791,
                0.40661001397396135,
                -0.7697465699873878,
                1.8883454808016387
            ],
            [
                0.04090472798528173,
                -0.8940778772764876,
                -0.4461170210755011,
                1.6225613413872344
            ],
            [
                0.0,
                0.0,
                0.0,
                1.0
            ]
        ],
        [
            [
                -0.841548449159282,
                0.24637823446890303,
                -0.48074998569766547,
                0.4613667888588094
            ],
            [
                0.5401759264665351,
                0.39487263816649676,
                -0.7431847927028843,
                1.7633319230478313
            ],
            [
                0.006725161757328824,
                -0.8851238975805825,
                -0.4653819978553963,
                1.6059309542265332
            ],
            [
                0.0,
                0.0,
                0.0,
                1.0
            ]
        ],
        [
            [
                -0.8151349525868545,
                0.26435284408912946,
                -0.5154636764151844,
                0.4683963802243856
            ],
            [
                0.5788650881768679,
                0.4065820479077505,
                -0.7068595969277321,
                1.6699228459949753
            ],
            [
                0.022712071869544666,
                -0.8745752124228556,
                -0.48443080582772496,
                1.5958788271111886
            ],
            [
                0.0,
                0.0,
                0.0,
                1.0
            ]
        ],
        [
            [
                -0.7677210156881709,
                0.24582862404555955,
                -0.5917852842135245,
                0.49079222599846717
            ],
            [
                0.6373629747332739,
                0.3887939572109479,
                -0.6653247118371147,
                1.5801859556739772
            ],
            [
                0.06651877264606301,
                -0.8879670057270711,
                -0.4551529166318767,
                1.5726079673278073
            ],
            [
                0.0,
                0.0,
                0.0,
                1.0
            ]
        ],
        [
            [
                -0.7216993872291435,
                0.27976129138076306,
                -0.6331872779982904,
                0.5354133816028231
            ],
            [
                0.6916679006385242,
                0.32883651614890863,
                -0.6430497761284146,
                1.496827558285135
            ],
            [
                0.028307038254232576,
                -0.902042206005474,
                -0.430807012674124,
                1.5163398695800878
            ],
            [
                0.0,
                0.0,
                0.0,
                1.0
            ]
        ],
        [
            [
                -0.7173105669629783,
                0.2648823423888655,
                -0.6444746447888078,
                0.573994740706589
            ],
            [
                0.6960398543980766,
                0.31540719612206747,
                -0.6450590889197311,
                1.4119564489809517
            ],
            [
                0.03239941957302226,
                -0.9112845618540379,
                -0.4105971134303579,
                1.4928169987706463
            ],
            [
                0.0,
                0.0,
                0.0,
                1.0
            ]
        ]
    ],
    "trj_gt": [
        [
            [
                -0.9995793154019172,
                -0.014191935117850841,
                -0.025293896462288336,
                -0.6832
            ],
            [
                0.015225986420031567,
                0.4854905164113444,
                -0.8741093340150208,
                2.6909
            ],
            [
                0.024685249809780416,
                -0.8741267342052048,
                -0.4850701918171965,
                1.7372999999999998
            ],
            [
                0.0,
                0.0,
                0.0,
                1.0
            ]
        ],
        [
            [
                -0.9884838153239814,
                0.04062187401250722,
                -0.14577246034232996,
                -0.2557999999999999
            ],
            [
                0.14685102072013986,
                0.49004473270413695,
                -0.8592385801757181,
                2.6951
            ],
            [
                0.03653114501349785,
                -0.8707502645998122,
                -0.4903666507251073,
                1.7357
            ],
            [
                0.0,
                0.0,
                0.0,
                1.0
            ]
        ],
        [
            [
                -0.9778815402161952,
                0.050358483424360445,
                -0.20300669065723048,
                0.08770000000000004
            ],
            [
                0.20119914817998227,
                0.49169795490194007,
                -0.8472024692580279,
                2.7031000000000005
            ],
            [
                0.05715414312236336,
                -0.8693084287480758,
                -0.4909544374292794,
                1.6995
            ],
            [
                0.0,
                0.0,
                0.0,
                1.0
            ]
        ],
        [
            [
                -0.9772403281944675,
                0.06209326461512423,
                -0.20284419498670828,
                0.17040000000000002
            ],
            [
                0.20611950775669818,
                0.5040324118526208,
                -0.8387288455300475,
                2.6487999999999996
            ],
            [
                0.05016063668361902,
                -0.8614497978939144,
                -0.5053594327169801,
                1.6681
            ],
            [
                0.0,
                0.0,
                0.0,
                1.0
            ]
        ],
        [
            [
                -0.9742964242529936,
                0.08589019805330685,
                -0.20825309497386682,
                0.2650999999999999
            ],
            [
                0.22352133637593333,
                0.48355038253955707,
                -0.8462961891268121,
                2.5007
            ],
            [
                0.02801231644379931,
                -0.871092361018171,
                -0.49031970050492635,
                1.6431000000000002
            ],
            [
                0.0,
                0.0,
                0.0,
                1.0
            ]
        ],
        [
            [
                -0.9550619558157069,
                0.1085400842224448,
                -0.27581825659383247,
                0.32649999999999996
            ],
            [
                0.2928694486104505,
                0.4888799656458923,
                -0.8217200650225609,
                2.3139000000000007
            ],
            [
                0.04565245474328111,
                -0.8655723131587886,
                -0.4986987307672407,
                1.6365000000000003
            ],
            [
                0.0,
                0.0,
                0.0,
                1.0
            ]
        ],
        [
            [
                -0.9395433518258135,
                0.13437704360056527,
                -0.3149620615139032,
                0.3698999999999998
            ],
            [
                0.3406507487171496,
                0.46042287361095646,
                -0.8197364484114847,
                2.1973999999999996
            ],
            [
                0.03486197697149959,
                -0.8774699924265222,
                -0.47836289044264085,
                1.6283
            ],
            [
                0.0,
                0.0,
                0.0,
                1.0
            ]
        ],
        [
            [
                -0.9252365372415753,
                0.1550989928981398,
                -0.34623929955336114,
                0.40409999999999985
            ],
            [
                0.37877331170919726,
                0.4296767487461567,
                -0.819700353741402,
                2.1256
            ],
            [
                0.021636277176694467,
                -0.8895629230070886,
                -0.45629998632590213,
                1.6305
            ],
            [
                0.0,
                0.0,
                0.0,
                1.0
            ]
        ],
        [
            [
                -0.8938651246034528,
                0.1774491255442753,
                -0.4117243578672814,
                0.4407
            ],
            [
                0.44742040386357157,
                0.41172435786728157,
                -0.7939131157408431,
                1.9924
            ],
            [
                0.028637758714881546,
                -0.8938651246034532,
                -0.44742040386357135,
                1.6373000000000004
            ],
            [
                0.0,
                0.0,
                0.0,
                1.0
            ]
        ],
        [
            [
                -0.8674040290850699,
                0.19714298680441109,
                -0.45688608326455266,
                0.45479999999999976
            ],
            [
                0.49645652945113194,
                0.40519120460478064,
                -0.767691996881734,
                1.8786999999999998
            ],
            [
                0.033781129234016466,
                -0.8927232104436195,
                -0.44933740645856773,
                1.6327999999999998
            ],
            [
                0.0,
                0.0,
                0.0,
                1.0
            ]
        ],
        [
            [
                -0.8396806264965465,
                0.2540664693039247,
                -0.4799861192386756,
                0.46800000000000036
            ],
            [
                0.5430516088217948,
                0.4019211559237592,
                -0.7372613746677426,
                1.7482000000000002
            ],
            [
                0.0056031814557764,
                -0.8797213272374081,
                -0.47545661291144736,
                1.6222999999999999
            ],
            [
                0.0,
                0.0,
                0.0,
                1.0
            ]
        ],
        [
            [
                -0.8144278776010594,
                0.2677618970299497,
                -0.5147919955527249,
                0.47790000000000005
            ],
            [
                0.5798611128471267,
                0.4086410402243251,
                -0.7048216725187113,
                1.6547
            ],
            [
                0.02164074846038978,
                -0.872534278262639,
                -0.48807336668043083,
                1.6084
            ],
            [
                0.0,
                0.0,
                0.0,
                1.0
            ]
        ],
        [
            [
                -0.7647536688736885,
                0.2521647206252456,
                -0.5929289836196445,
                0.5031000000000001
            ],
            [
                0.6414463373142417,
                0.3848177269523944,
                -0.6636730470414904,
                1.5733000000000006
            ],
            [
                0.060814655226982144,
                -0.8878785224878367,
                -0.45604090497940974,
                1.5860999999999998
            ],
            [
                0.0,
                0.0,
                0.0,
                1.0
            ]
        ],
        [
            [
                -0.7213220399641039,
                0.2890856601712745,
                -0.629383822278077,
                0.5453999999999996
            ],
            [
                0.6918565417657387,
                0.34283982515073397,
                -0.6354489593244818,
                1.4785999999999997
            ],
            [
                0.03207865767104934,
                -0.8938066543576149,
                -0.4473037271788275,
                1.5372
            ],
            [
                0.0,
                0.0,
                0.0,
                1.0
            ]
        ],
        [
            [
                -0.7191097458020358,
                0.2719005280378666,
                -0.6394929838123792,
                0.5869000000000001
            ],
            [
                0.6941797879834882,
                0.3228711050168893,
                -0.6433262558767298,
                1.3996999999999997
            ],
            [
                0.03155305766054382,
                -0.9065452842510967,
                -0.4209276091614421,
                1.5088
            ],
            [
                0.0,
                0.0,
                0.0,
                1.0
            ]
        ]
    ]
}