{
    "trj_id": [
        0,
        80,
        106,
        114,
        126,
        141,
        150,
        156,
        166,
        174
    ],
    "trj_est": [
        [
            [
                -0.9995793154019172,
                -0.014191935117850841,
                -0.025293896462288336,
                -0.6832
            ],
            [
                0.015225986420031567,
                0.4854905164113444,
                -0.8741093340150208,
                2.6909
            ],
            [
                0.024685249809780416,
                -0.8741267342052048,
                -0.4850701918171965,
                1.7372999999999998
            ],
            [
                0.0,
                0.0,
                0.0,
                1.0
            ]
        ],
        [
            [
                -0.9883002895661158,
                0.03663374912964055,
                -0.14806559932823746,
                -0.2519271028668134
            ],
            [
                0.1468381919217584,
                0.4912802937121466,
                -0.8585382947723805,
                2.6951761991931327
            ],
            [
                0.04129102512142156,
                -0.8702494649566803,
                -0.4909089012965613,
                1.736444902731016
            ],
            [
                0.0,
                0.0,
                0.0,
                1.0
            ]
        ],
        [
            [
                -0.97839411408664,
                0.045617196753827846,
                -0.20167217810999957,
                0.08360385769401465
            ],
            [
                0.19784131335076846,
                0.49007968526065576,
                -0.8489348537922685,
                2.711924850573957
            ],
            [
                0.060109340339303076,
                -0.8705104873606354,
                -0.4885093445084212,
                1.7017014274229265
            ],
            [
                0.0,
                0.0,
                0.0,
                1.0
            ]
        ],
        [
            [
                -0.9777620476663537,
                0.05594588079711244,
                -0.2021365280588895,
                0.16573119675880038
            ],
            [
                0.2022554157979512,
                0.5066893537982224,
                -0.8380785115219801,
                2.657451992353337
            ],
            [
                0.05553167598872821,
                -0.86034390835632,
                -0.5067296025606334,
                1.6723206120355445
            ],
            [
                0.0,
                0.0,
                0.0,
                1.0
            ]
        ],
        [
            [
                -0.9745023593394292,
                0.08159699902466074,
                -0.20903019640424658,
                0.26497097875202064
            ],
            [
                0.2221009387064035,
                0.4836589038035329,
                -0.8466195282113127,
                2.507579833860608
            ],
            [
                0.03201624917234899,
                -0.8714770675621898,
                -0.4894434221016856,
                1.6441017179377349
            ],
            [
                0.0,
                0.0,
                0.0,
                1.0
            ]
        ],
        [
            [
                -0.9554825534406731,
                0.1029909810229844,
                -0.2765037523096694,
                0.3240193609843359
            ],
            [
                0.2906635427279793,
                0.489864224839287,
                -0.821929308138677,
                2.320413597556889
            ],
            [
                0.05079553970720423,
                -0.8657283382644132,
                -0.4979888837683252,
                1.6379430714988015
            ],
            [
                0.0,
                0.0,
                0.0,
                1.0
            ]
        ],
        [
            [
                -0.9396938161552889,
                0.12831664271562732,
                -0.3170556846166221,
                0.3670308837451741
            ],
            [
                0.33958349810283084,
                0.4609786854169067,
                -0.8198824083144801,
                2.2008274950005786
            ],
            [
                0.04094821195433033,
                -0.8781195093559653,
                -0.476747079195231,
                1.6284011853573526
            ],
            [
                0.0,
                0.0,
                0.0,
                1.0
            ]
        ],
        [
            [
                -0.9257903984935221,
                0.15002627444885067,
                -0.34701792937624915,
                0.3988441100525114
            ],
            [
                0.3771222188879354,
                0.4312897857908539,
                -0.8196304517555681,
                2.1320658042232328
            ],
            [
                0.026695943739782756,
                -0.8896894138407323,
                -0.45585545881123174,
                1.6307279656389644
            ],
            [
                0.0,
                0.0,
                0.0,
                1.0
            ]
        ],
        [
            [
                -0.8944628150007259,
                0.17038080262420283,
                -0.4134348090841785,
                0.437118563978548
            ],
            [
                0.4456342678584725,
                0.41629806274650516,
                -0.7925503520538674,
                1.9943120264657235
            ],
            [
                0.03707268164618374,
                -0.8931593686221699,
                -0.44828203261636135,
                1.6324123309316516
            ],
            [
                0.0,
                0.0,
                0.0,
                1.0
            ]
        ],
        [
            [
                -0.8697924460839955,
                0.18743623361111889,
                -0.4564581904583093,
                0.4481563156272864
            ],
            [
                0.4917622205661131,
                0.4057298504068019,
                -0.7704452608872149,
                1.8896468000490043
            ],
            [
                0.04078462705992277,
                -0.8946064825904604,
                -0.44506579300681,
                1.6203703074344937
            ],
            [
                0.0,
                0.0,
                0.0,
                1.0
            ]
        ]
    ],
    "trj_gt": [
        [
            [
                -0.9995793154019172,
                -0.014191935117850841,
                -0.025293896462288336,
                -0.6832
            ],
            [
                0.015225986420031567,
                0.4854905164113444,
                -0.8741093340150208,
                2.6909
            ],
            [
                0.024685249809780416,
                -0.8741267342052048,
                -0.4850701918171965,
                1.7372999999999998
            ],
            [
                0.0,
                0.0,
                0.0,
                1.0
            ]
        ],
        [
            [
                -0.9884838153239814,
                0.04062187401250722,
                -0.14577246034232996,
                -0.2557999999999999
            ],
            [
                0.14685102072013986,
                0.49004473270413695,
                -0.8592385801757181,
                2.6951
            ],
            [
                0.03653114501349785,
                -0.8707502645998122,
                -0.4903666507251073,
                1.7357
            ],
            [
                0.0,
                0.0,
                0.0,
                1.0
            ]
        ],
        [
            [
                -0.9778815402161952,
                0.050358483424360445,
                -0.20300669065723048,
                0.08770000000000004
            ],
            [
                0.20119914817998227,
                0.49169795490194007,
                -0.8472024692580279,
                2.7031000000000005
            ],
            [
                0.05715414312236336,
                -0.8693084287480758,
                -0.4909544374292794,
                1.6995
            ],
            [
                0.0,
                0.0,
                0.0,
                1.0
            ]
        ],
        [
            [
                -0.9772403281944675,
                0.06209326461512423,
                -0.20284419498670828,
                0.17040000000000002
            ],
            [
                0.20611950775669818,
                0.5040324118526208,
                -0.8387288455300475,
                2.6487999999999996
            ],
            [
                0.05016063668361902,
                -0.8614497978939144,
                -0.5053594327169801,
                1.6681
            ],
            [
                0.0,
                0.0,
                0.0,
                1.0
            ]
        ],
        [
            [
                -0.9742964242529936,
                0.08589019805330685,
                -0.20825309497386682,
                0.2650999999999999
            ],
            [
                0.22352133637593333,
                0.48355038253955707,
                -0.8462961891268121,
                2.5007
            ],
            [
                0.02801231644379931,
                -0.871092361018171,
                -0.49031970050492635,
                1.6431000000000002
            ],
            [
                0.0,
                0.0,
                0.0,
                1.0
            ]
        ],
        [
            [
                -0.9550619558157069,
                0.1085400842224448,
                -0.27581825659383247,
                0.32649999999999996
            ],
            [
                0.2928694486104505,
                0.4888799656458923,
                -0.8217200650225609,
                2.3139000000000007
            ],
            [
                0.04565245474328111,
                -0.8655723131587886,
                -0.4986987307672407,
                1.6365000000000003
            ],
            [
                0.0,
                0.0,
                0.0,
                1.0
            ]
        ],
        [
            [
                -0.9395433518258135,
                0.13437704360056527,
                -0.3149620615139032,
                0.3698999999999998
            ],
            [
                0.3406507487171496,
                0.46042287361095646,
                -0.8197364484114847,
                2.1973999999999996
            ],
            [
                0.03486197697149959,
                -0.8774699924265222,
                -0.47836289044264085,
                1.6283
            ],
            [
                0.0,
                0.0,
                0.0,
                1.0
            ]
        ],
        [
            [
                -0.9252365372415753,
                0.1550989928981398,
                -0.34623929955336114,
                0.40409999999999985
            ],
            [
                0.37877331170919726,
                0.4296767487461567,
                -0.819700353741402,
                2.1256
            ],
            [
                0.021636277176694467,
                -0.8895629230070886,
                -0.45629998632590213,
                1.6305
            ],
            [
                0.0,
                0.0,
                0.0,
                1.0
            ]
        ],
        [
            [
                -0.8938651246034528,
                0.1774491255442753,
                -0.4117243578672814,
                0.4407
            ],
            [
                0.44742040386357157,
                0.41172435786728157,
                -0.7939131157408431,
                1.9924
            ],
            [
                0.028637758714881546,
                -0.8938651246034532,
                -0.44742040386357135,
                1.6373000000000004
            ],
            [
                0.0,
                0.0,
                0.0,
                1.0
            ]
        ],
        [
            [
                -0.8674040290850699,
                0.19714298680441109,
                -0.45688608326455266,
                0.45479999999999976
            ],
            [
                0.49645652945113194,
                0.40519120460478064,
                -0.767691996881734,
                1.8786999999999998
            ],
            [
                0.033781129234016466,
                -0.8927232104436195,
                -0.44933740645856773,
                1.6327999999999998
            ],
            [
                0.0,
                0.0,
                0.0,
                1.0
            ]
        ]
    ]
}