{
    "trj_id": [
        0,
        80,
        106,
        114,
        126,
        141,
        150,
        156,
        166,
        174,
        182,
        190,
        198,
        208,
        216,
        226,
        238,
        247,
        253,
        262
    ],
    "trj_est": [
        [
            [
                -0.9995793154019172,
                -0.014191935117850841,
                -0.025293896462288336,
                -0.6832
            ],
            [
                0.015225986420031567,
                0.4854905164113444,
                -0.8741093340150208,
                2.6909
            ],
            [
                0.024685249809780416,
                -0.8741267342052048,
                -0.4850701918171965,
                1.7372999999999998
            ],
            [
                0.0,
                0.0,
                0.0,
                1.0
            ]
        ],
        [
            [
                -0.9883002895661158,
                0.03663374912964055,
                -0.14806559932823746,
                -0.2519271028668134
            ],
            [
                0.1468381919217584,
                0.4912802937121466,
                -0.8585382947723805,
                2.6951761991931327
            ],
            [
                0.04129102512142156,
                -0.8702494649566803,
                -0.4909089012965613,
                1.736444902731016
            ],
            [
                0.0,
                0.0,
                0.0,
                1.0
            ]
        ],
        [
            [
                -0.97839411408664,
                0.045617196753827846,
                -0.20167217810999957,
                0.08360385769401465
            ],
            [
                0.19784131335076846,
                0.49007968526065576,
                -0.8489348537922685,
                2.711924850573957
            ],
            [
                0.060109340339303076,
                -0.8705104873606354,
                -0.4885093445084212,
                1.7017014274229265
            ],
            [
                0.0,
                0.0,
                0.0,
                1.0
            ]
        ],
        [
            [
                -0.9777620476663537,
                0.05594588079711244,
                -0.2021365280588895,
                0.16573119675880038
            ],
            [
                0.2022554157979512,
                0.5066893537982224,
                -0.8380785115219801,
                2.657451992353337
            ],
            [
                0.05553167598872821,
                -0.86034390835632,
                -0.5067296025606334,
                1.6723206120355445
            ],
            [
                0.0,
                0.0,
                0.0,
                1.0
            ]
        ],
        [
            [
                -0.9745023593394292,
                0.08159699902466074,
                -0.20903019640424658,
                0.26497097875202064
            ],
            [
                0.2221009387064035,
                0.4836589038035329,
                -0.8466195282113127,
                2.507579833860608
            ],
            [
                0.03201624917234899,
                -0.8714770675621898,
                -0.4894434221016856,
                1.6441017179377349
            ],
            [
                0.0,
                0.0,
                0.0,
                1.0
            ]
        ],
        [
            [
                -0.9554825534406731,
                0.1029909810229844,
                -0.2765037523096694,
                0.3240193609843359
            ],
            [
                0.2906635427279793,
                0.489864224839287,
                -0.821929308138677,
                2.320413597556889
            ],
            [
                0.05079553970720423,
                -0.8657283382644132,
                -0.4979888837683252,
                1.6379430714988015
            ],
            [
                0.0,
                0.0,
                0.0,
                1.0
            ]
        ],
        [
            [
                -0.9397198834220347,
                0.12826046451594086,
                -0.3170013434185087,
                0.3669524053835733
            ],
            [
                0.33950937991972374,
                0.46098203587266245,
                -0.8199112588283954,
                2.2005992937722607
            ],
            [
                0.040966534285666815,
                -0.8781260006902358,
                -0.4767335845193699,
                1.6282803787026896
            ],
            [
                0.0,
                0.0,
                0.0,
                1.0
            ]
        ],
        [
            [
                -0.9257682555275408,
                0.1500519828742794,
                -0.3470655189914207,
                0.3988315030256515
            ],
            [
                0.37717841364502924,
                0.4312129104993433,
                -0.8196450231571144,
                2.1317567088879437
            ],
            [
                0.02666674159248397,
                -0.8897218853731377,
                -0.4557927936227005,
                1.6303964014968426
            ],
            [
                0.0,
                0.0,
                0.0,
                1.0
            ]
        ],
        [
            [
                -0.8944739316019368,
                0.17064342162730659,
                -0.4133020356511916,
                0.43681399263541626
            ],
            [
                0.44562101242700575,
                0.41660230604238624,
                -0.7923977284000204,
                1.9940953697068362
            ],
            [
                0.03696124892399159,
                -0.8929672743462151,
                -0.4486735664115194,
                1.6330387601564038
            ],
            [
                0.0,
                0.0,
                0.0,
                1.0
            ]
        ],
        [
            [
                -0.8695788978064972,
                0.18805307515133887,
                -0.4566108613355085,
                0.4485779176348904
            ],
            [
                0.4921294304513791,
                0.40661001397396135,
                -0.7697465699873878,
                1.8883454808016387
            ],
            [
                0.04090472798528173,
                -0.8940778772764876,
                -0.4461170210755011,
                1.6225613413872344
            ],
            [
                0.0,
                0.0,
                0.0,
                1.0
            ]
        ],
        [
            [
                -0.841548449159282,
                0.24637823446890303,
                -0.48074998569766547,
                0.4613667888588094
            ],
            [
                0.5401759264665351,
                0.39487263816649676,
                -0.7431847927028843,
                1.7633319230478313
            ],
            [
                0.006725161757328824,
                -0.8851238975805825,
                -0.4653819978553963,
                1.6059309542265332
            ],
            [
                0.0,
                0.0,
                0.0,
                1.0
            ]
        ],
        [
            [
                -0.8152753274504848,
                0.2639432773958099,
                -0.5154514885827447,
                0.46829454146059446
            ],
            [
                0.5786463174766574,
                0.4070215526641075,
                -0.7067857406001766,
                1.669714400880094
            ],
            [
                0.023242665688936452,
                -0.8744943819795864,
                -0.4845514399603535,
                1.5957909351271768
            ],
            [
                0.0,
                0.0,
                0.0,
                1.0
            ]
        ],
        [
            [
                -0.7676147023353476,
                0.2456193806091039,
                -0.5920107470206063,
                0.49121933649605204
            ],
            [
                0.6374097497527995,
                0.38953109333207303,
                -0.6648491389935155,
                1.5794641639788354
            ],
            [
                0.06729860859614975,
                -0.8877018795420849,
                -0.4555553444112126,
                1.5729108083406205
            ],
            [
                0.0,
                0.0,
                0.0,
                1.0
            ]
        ],
        [
            [
                -0.7207409212209889,
                0.27935244992942865,
                -0.6344592156117878,
                0.5362863075240767
            ],
            [
                0.6926068893865162,
                0.3294404946931405,
                -0.6417286347200818,
                1.4940847739878211
            ],
            [
                0.029740108030063418,
                -0.9019487015119247,
                -0.43090663039209454,
                1.5161045581943005
            ],
            [
                0.0,
                0.0,
                0.0,
                1.0
            ]
        ],
        [
            [
                -0.7167521389120827,
                0.26511611525991624,
                -0.6450002091897061,
                0.5742496587622423
            ],
            [
                0.6966199408180659,
                0.3150297689015601,
                -0.6446176029311521,
                1.4105390108207387
            ],
            [
                0.032288544129879033,
                -0.9113462361281491,
                -0.4104670322993877,
                1.4928596760278146
            ],
            [
                0.0,
                0.0,
                0.0,
                1.0
            ]
        ],
        [
            [
                -0.7015075839807107,
                0.2761329440908871,
                -0.6570280345850987,
                0.6027644472159186
            ],
            [
                0.7124244406324012,
                0.29739321504806093,
                -0.6356627111098957,
                1.3414012876659467
            ],
            [
                0.019861078380983332,
                -0.9139995168290774,
                -0.40533012817424946,
                1.454545336999164
            ],
            [
                0.0,
                0.0,
                0.0,
                1.0
            ]
        ],
        [
            [
                -0.6740381815271992,
                0.30537308570891736,
                -0.6726613875685616,
                0.6495972700008489
            ],
            [
                0.7386030994993684,
                0.29602176412653,
                -0.6057237793369252,
                1.2889294270548135
            ],
            [
                0.01414288296474609,
                -0.9051034205524496,
                -0.42505935013777363,
                1.4360526925604913
            ],
            [
                0.0,
                0.0,
                0.0,
                1.0
            ]
        ],
        [
            [
                -0.6449650533771026,
                0.3270104257811483,
                -0.6907529274293199,
                0.7380396174251405
            ],
            [
                0.7642003779788877,
                0.28680216723189583,
                -0.5777658352572648,
                1.2429924659518055
            ],
            [
                0.009165414158887655,
                -0.9005037924557313,
                -0.43485608647645685,
                1.4524351123535635
            ],
            [
                0.0,
                0.0,
                0.0,
                1.0
            ]
        ],
        [
            [
                -0.6680084520008093,
                0.30470140042612326,
                -0.6789544313215725,
                0.8009300785375936
            ],
            [
                0.743704061270445,
                0.3066589634180698,
                -0.5940882718531528,
                1.2191989225604836
            ],
            [
                0.027180059077133324,
                -0.9017869487879743,
                -0.43143512297321723,
                1.4731830466655138
            ],
            [
                0.0,
                0.0,
                0.0,
                1.0
            ]
        ],
        [
            [
                -0.6623019693665583,
                0.28286852914085403,
                -0.6938312294066921,
                0.8768390983458847
            ],
            [
                0.7466260810907205,
                0.32709941227144873,
                -0.5793415429445807,
                1.1970498398074818
            ],
            [
                0.06306611025004662,
                -0.901720254212716,
                -0.42781134539257,
                1.4982037400090142
            ],
            [
                0.0,
                0.0,
                0.0,
                1.0
            ]
        ]
    ],
    "trj_gt": [
        [
            [
                -0.9995793154019172,
                -0.014191935117850841,
                -0.025293896462288336,
                -0.6832
            ],
            [
                0.015225986420031567,
                0.4854905164113444,
                -0.8741093340150208,
                2.6909
            ],
            [
                0.024685249809780416,
                -0.8741267342052048,
                -0.4850701918171965,
                1.7372999999999998
            ],
            [
                0.0,
                0.0,
                0.0,
                1.0
            ]
        ],
        [
            [
                -0.9884838153239814,
                0.04062187401250722,
                -0.14577246034232996,
                -0.2557999999999999
            ],
            [
                0.14685102072013986,
                0.49004473270413695,
                -0.8592385801757181,
                2.6951
            ],
            [
                0.03653114501349785,
                -0.8707502645998122,
                -0.4903666507251073,
                1.7357
            ],
            [
                0.0,
                0.0,
                0.0,
                1.0
            ]
        ],
        [
            [
                -0.9778815402161952,
                0.050358483424360445,
                -0.20300669065723048,
                0.08770000000000004
            ],
            [
                0.20119914817998227,
                0.49169795490194007,
                -0.8472024692580279,
                2.7031000000000005
            ],
            [
                0.05715414312236336,
                -0.8693084287480758,
                -0.4909544374292794,
                1.6995
            ],
            [
                0.0,
                0.0,
                0.0,
                1.0
            ]
        ],
        [
            [
                -0.9772403281944675,
                0.06209326461512423,
                -0.20284419498670828,
                0.17040000000000002
            ],
            [
                0.20611950775669818,
                0.5040324118526208,
                -0.8387288455300475,
                2.6487999999999996
            ],
            [
                0.05016063668361902,
                -0.8614497978939144,
                -0.5053594327169801,
                1.6681
            ],
            [
                0.0,
                0.0,
                0.0,
                1.0
            ]
        ],
        [
            [
                -0.9742964242529936,
                0.08589019805330685,
                -0.20825309497386682,
                0.2650999999999999
            ],
            [
                0.22352133637593333,
                0.48355038253955707,
                -0.8462961891268121,
                2.5007
            ],
            [
                0.02801231644379931,
                -0.871092361018171,
                -0.49031970050492635,
                1.6431000000000002
            ],
            [
                0.0,
                0.0,
                0.0,
                1.0
            ]
        ],
        [
            [
                -0.9550619558157069,
                0.1085400842224448,
                -0.27581825659383247,
                0.32649999999999996
            ],
            [
                0.2928694486104505,
                0.4888799656458923,
                -0.8217200650225609,
                2.3139000000000007
            ],
            [
                0.04565245474328111,
                -0.8655723131587886,
                -0.4986987307672407,
                1.6365000000000003
            ],
            [
                0.0,
                0.0,
                0.0,
                1.0
            ]
        ],
        [
            [
                -0.9395433518258135,
                0.13437704360056527,
                -0.3149620615139032,
                0.3698999999999998
            ],
            [
                0.3406507487171496,
                0.46042287361095646,
                -0.8197364484114847,
                2.1973999999999996
            ],
            [
                0.03486197697149959,
                -0.8774699924265222,
                -0.47836289044264085,
                1.6283
            ],
            [
                0.0,
                0.0,
                0.0,
                1.0
            ]
        ],
        [
            [
                -0.9252365372415753,
                0.1550989928981398,
                -0.34623929955336114,
                0.40409999999999985
            ],
            [
                0.37877331170919726,
                0.4296767487461567,
                -0.819700353741402,
                2.1256
            ],
            [
                0.021636277176694467,
                -0.8895629230070886,
                -0.45629998632590213,
                1.6305
            ],
            [
                0.0,
                0.0,
                0.0,
                1.0
            ]
        ],
        [
            [
                -0.8938651246034528,
                0.1774491255442753,
                -0.4117243578672814,
                0.4407
            ],
            [
                0.44742040386357157,
                0.41172435786728157,
                -0.7939131157408431,
                1.9924
            ],
            [
                0.028637758714881546,
                -0.8938651246034532,
                -0.44742040386357135,
                1.6373000000000004
            ],
            [
                0.0,
                0.0,
                0.0,
                1.0
            ]
        ],
        [
            [
                -0.8674040290850699,
                0.19714298680441109,
                -0.45688608326455266,
                0.45479999999999976
            ],
            [
                0.49645652945113194,
                0.40519120460478064,
                -0.767691996881734,
                1.8786999999999998
            ],
            [
                0.033781129234016466,
                -0.8927232104436195,
                -0.44933740645856773,
                1.6327999999999998
            ],
            [
                0.0,
                0.0,
                0.0,
                1.0
            ]
        ],
        [
            [
                -0.8396806264965465,
                0.2540664693039247,
                -0.4799861192386756,
                0.46800000000000036
            ],
            [
                0.5430516088217948,
                0.4019211559237592,
                -0.7372613746677426,
                1.7482000000000002
            ],
            [
                0.0056031814557764,
                -0.8797213272374081,
                -0.47545661291144736,
                1.6222999999999999
            ],
            [
                0.0,
                0.0,
                0.0,
                1.0
            ]
        ],
        [
            [
                -0.8144278776010594,
                0.2677618970299497,
                -0.5147919955527249,
                0.47790000000000005
            ],
            [
                0.5798611128471267,
                0.4086410402243251,
                -0.7048216725187113,
                1.6547
            ],
            [
                0.02164074846038978,
                -0.872534278262639,
                -0.48807336668043083,
                1.6084
            ],
            [
                0.0,
                0.0,
                0.0,
                1.0
            ]
        ],
        [
            [
                -0.7647536688736885,
                0.2521647206252456,
                -0.5929289836196445,
                0.5031000000000001
            ],
            [
                0.6414463373142417,
                0.3848177269523944,
                -0.6636730470414904,
                1.5733000000000006
            ],
            [
                0.060814655226982144,
                -0.8878785224878367,
                -0.45604090497940974,
                1.5860999999999998
            ],
            [
                0.0,
                0.0,
                0.0,
                1.0
            ]
        ],
        [
            [
                -0.7213220399641039,
                0.2890856601712745,
                -0.629383822278077,
                0.5453999999999996
            ],
            [
                0.6918565417657387,
                0.34283982515073397,
                -0.6354489593244818,
                1.4785999999999997
            ],
            [
                0.03207865767104934,
                -0.8938066543576149,
                -0.4473037271788275,
                1.5372
            ],
            [
                0.0,
                0.0,
                0.0,
                1.0
            ]
        ],
        [
            [
                -0.7191097458020358,
                0.2719005280378666,
                -0.6394929838123792,
                0.5869000000000001
            ],
            [
                0.6941797879834882,
                0.3228711050168893,
                -0.6433262558767298,
                1.3996999999999997
            ],
            [
                0.03155305766054382,
                -0.9065452842510967,
                -0.4209276091614421,
                1.5088
            ],
            [
                0.0,
                0.0,
                0.0,
                1.0
            ]
        ],
        [
            [
                -0.7017008456880252,
                0.28807870514708817,
                -0.6516337796657632,
                0.6125000000000007
            ],
            [
                0.7121493802327092,
                0.31110344770547854,
                -0.6293313158106253,
                1.3229000000000002
            ],
            [
                0.021428564928133043,
                -0.9056629088499439,
                -0.423456623680135,
                1.4739999999999998
            ],
            [
                0.0,
                0.0,
                0.0,
                1.0
            ]
        ],
        [
            [
                -0.6711853711538739,
                0.31674912628378027,
                -0.6702090633134548,
                0.6639000000000002
            ],
            [
                0.7411955450187471,
                0.3011557399299267,
                -0.5999453178012315,
                1.271
            ],
            [
                0.011805151138321602,
                -0.8994304927595684,
                -0.4369043683701058,
                1.4538000000000002
            ],
            [
                0.0,
                0.0,
                0.0,
                1.0
            ]
        ],
        [
            [
                -0.6462679298385877,
                0.33612981860021507,
                -0.6850945247992664,
                0.7526999999999995
            ],
            [
                0.7630494273769377,
                0.29600663519849935,
                -0.5745743148611764,
                1.2285
            ],
            [
                0.00966096485211545,
                -0.8940899378509127,
                -0.4477832609554285,
                1.4722000000000002
            ],
            [
                0.0,
                0.0,
                0.0,
                1.0
            ]
        ],
        [
            [
                -0.6694363345339994,
                0.311842126211443,
                -0.6742473450638201,
                0.8144
            ],
            [
                0.7423057633002021,
                0.31615359488131184,
                -0.5907868128309295,
                1.2019
            ],
            [
                0.02893350613022823,
                -0.8959918486032948,
                -0.4431269112336358,
                1.4892
            ],
            [
                0.0,
                0.0,
                0.0,
                1.0
            ]
        ],
        [
            [
                -0.6608218387657991,
                0.29189952931711594,
                -0.6914543818608961,
                0.8896999999999999
            ],
            [
                0.7478351662390345,
                0.3342623688946791,
                -0.5735950077163792,
                1.1766
            ],
            [
                0.06369506689237046,
                -0.8961380103116726,
                -0.4391806062751551,
                1.5150000000000001
            ],
            [
                0.0,
                0.0,
                0.0,
                1.0
            ]
        ]
    ]
}