{
    "trj_id": [
        0,
        79,
        106,
        113,
        125,
        141,
        150,
        156,
        165,
        173
    ],
    "trj_est": [
        [
            [
                -0.9995793154019172,
                -0.014191935117850841,
                -0.025293896462288336,
                -0.6832
            ],
            [
                0.015225986420031567,
                0.4854905164113444,
                -0.8741093340150208,
                2.6909
            ],
            [
                0.024685249809780416,
                -0.8741267342052048,
                -0.4850701918171965,
                1.7372999999999998
            ],
            [
                0.0,
                0.0,
                0.0,
                1.0
            ]
        ],
        [
            [
                -0.989132445069064,
                0.03472879743295791,
                -0.1428482902795336,
                -0.27209640415664593
            ],
            [
                0.1412334907231458,
                0.4942451305369759,
                -0.8577798091228038,
                2.692876020965103
            ],
            [
                0.04081274205173027,
                -0.8686446714583503,
                -0.4937808916991689,
                1.7368059441846282
            ],
            [
                0.0,
                0.0,
                0.0,
                1.0
            ]
        ],
        [
            [
                -0.9792463587689082,
                0.04541169461676339,
                -0.1975210924513521,
                0.07287959035767264
            ],
            [
                0.1942192023295591,
                0.488867633093792,
                -0.8504706627763695,
                2.713220106559166
            ],
            [
                0.057939980706448506,
                -0.8711958202069758,
                -0.4875402247156934,
                1.6980684911231831
            ],
            [
                0.0,
                0.0,
                0.0,
                1.0
            ]
        ],
        [
            [
                -0.9795532127098291,
                0.05458706214112307,
                -0.19364638612381035,
                0.14617816606699252
            ],
            [
                0.19434802610731863,
                0.5057224159758167,
                -0.8405299166827174,
                2.666903544537788
            ],
            [
                0.0520480029576053,
                -0.8609904250903444,
                -0.5059889616810705,
                1.6726668602077517
            ],
            [
                0.0,
                0.0,
                0.0,
                1.0
            ]
        ],
        [
            [
                -0.9755632209695321,
                0.07405772821092518,
                -0.20687492327435186,
                0.24642804150023995
            ],
            [
                0.21666187206021464,
                0.48113961695770663,
                -0.8494606502010515,
                2.525050193103565
            ],
            [
                0.036626413634611894,
                -0.8735365888200196,
                -0.48542772675802515,
                1.6436297744491717
            ],
            [
                0.0,
                0.0,
                0.0,
                1.0
            ]
        ],
        [
            [
                -0.9570959478455188,
                0.10228971285161503,
                -0.2711279685941648,
                0.31204810756500284
            ],
            [
                0.2857259527912343,
                0.4892225401663136,
                -0.8240433168232941,
                2.324169094464829
            ],
            [
                0.048350269246944064,
                -0.8661661839709465,
                -0.49746264533065104,
                1.6362711336368054
            ],
            [
                0.0,
                0.0,
                0.0,
                1.0
            ]
        ],
        [
            [
                -0.9416415218807203,
                0.12766184651081744,
                -0.3114846734492442,
                0.35533089419879627
            ],
            [
                0.334433204437381,
                0.4604721740589033,
                -0.8222827759270318,
                2.205240443070894
            ],
            [
                0.038455218494896276,
                -0.8784760237880466,
                -0.476294877128034,
                1.6271261204444876
            ],
            [
                0.0,
                0.0,
                0.0,
                1.0
            ]
        ],
        [
            [
                -0.9280895168263942,
                0.1494600579016405,
                -0.34106170102869726,
                0.38674081944688876
            ],
            [
                0.3715994537052541,
                0.43095641205937113,
                -0.8223254290482325,
                2.1374214292662534
            ],
            [
                0.024077093498931154,
                -0.889939391059043,
                -0.455504691628277,
                1.6299012495591327
            ],
            [
                0.0,
                0.0,
                0.0,
                1.0
            ]
        ],
        [
            [
                -0.9006947748968392,
                0.16882234389464085,
                -0.40032692378620605,
                0.4229357990829446
            ],
            [
                0.4331571236915371,
                0.4206413289196795,
                -0.7971620861673252,
                2.01519137125571
            ],
            [
                0.03381455846992935,
                -0.8914134273072197,
                -0.45199396998372954,
                1.6304414113722958
            ],
            [
                0.0,
                0.0,
                0.0,
                1.0
            ]
        ],
        [
            [
                -0.8763679081048017,
                0.18654118607847175,
                -0.44407210359328225,
                0.4355720224964118
            ],
            [
                0.4804968111061453,
                0.40285827139996155,
                -0.7790143227801227,
                1.9125447838134733
            ],
            [
                0.033579302008756945,
                -0.896084847790878,
                -0.44268139666413686,
                1.6210112817583158
            ],
            [
                0.0,
                0.0,
                0.0,
                1.0
            ]
        ]
    ],
    "trj_gt": [
        [
            [
                -0.9995793154019172,
                -0.014191935117850841,
                -0.025293896462288336,
                -0.6832
            ],
            [
                0.015225986420031567,
                0.4854905164113444,
                -0.8741093340150208,
                2.6909
            ],
            [
                0.024685249809780416,
                -0.8741267342052048,
                -0.4850701918171965,
                1.7372999999999998
            ],
            [
                0.0,
                0.0,
                0.0,
                1.0
            ]
        ],
        [
            [
                -0.988550683831327,
                0.03814652031853715,
                -0.14598763127129058,
                -0.2646
            ],
            [
                0.14569834732545753,
                0.4929103232968098,
                -0.8577945003169842,
                2.6959
            ],
            [
                0.03923693519179602,
                -0.869243496481292,
                -0.4928247221292094,
                1.7352000000000003
            ],
            [
                0.0,
                0.0,
                0.0,
                1.0
            ]
        ],
        [
            [
                -0.9778815402161952,
                0.050358483424360445,
                -0.20300669065723048,
                0.08770000000000004
            ],
            [
                0.20119914817998227,
                0.49169795490194007,
                -0.8472024692580279,
                2.7031000000000005
            ],
            [
                0.05715414312236336,
                -0.8693084287480758,
                -0.4909544374292794,
                1.6995
            ],
            [
                0.0,
                0.0,
                0.0,
                1.0
            ]
        ],
        [
            [
                -0.9783510495281085,
                0.059206524696431485,
                -0.19830232303384396,
                0.16229999999999997
            ],
            [
                0.2006206026735029,
                0.5065367709504154,
                -0.8385534410268953,
                2.6573
            ],
            [
                0.05079958336609304,
                -0.8601831706726755,
                -0.5074488301507197,
                1.671
            ],
            [
                0.0,
                0.0,
                0.0,
                1.0
            ]
        ],
        [
            [
                -0.9741887458708055,
                0.07969949202680683,
                -0.2111972499568506,
                0.2597999999999999
            ],
            [
                0.22306941086989443,
                0.48324772448049175,
                -0.8465882557173735,
                2.5125999999999995
            ],
            [
                0.034587936521650604,
                -0.8718483972314771,
                -0.4885530133896207,
                1.6445
            ],
            [
                0.0,
                0.0,
                0.0,
                1.0
            ]
        ],
        [
            [
                -0.9550619558157069,
                0.1085400842224448,
                -0.27581825659383247,
                0.32649999999999996
            ],
            [
                0.2928694486104505,
                0.4888799656458923,
                -0.8217200650225609,
                2.3139000000000007
            ],
            [
                0.04565245474328111,
                -0.8655723131587886,
                -0.4986987307672407,
                1.6365000000000003
            ],
            [
                0.0,
                0.0,
                0.0,
                1.0
            ]
        ],
        [
            [
                -0.9395433518258135,
                0.13437704360056527,
                -0.3149620615139032,
                0.3698999999999998
            ],
            [
                0.3406507487171496,
                0.46042287361095646,
                -0.8197364484114847,
                2.1973999999999996
            ],
            [
                0.03486197697149959,
                -0.8774699924265222,
                -0.47836289044264085,
                1.6283
            ],
            [
                0.0,
                0.0,
                0.0,
                1.0
            ]
        ],
        [
            [
                -0.9252365372415753,
                0.1550989928981398,
                -0.34623929955336114,
                0.40409999999999985
            ],
            [
                0.37877331170919726,
                0.4296767487461567,
                -0.819700353741402,
                2.1256
            ],
            [
                0.021636277176694467,
                -0.8895629230070886,
                -0.45629998632590213,
                1.6305
            ],
            [
                0.0,
                0.0,
                0.0,
                1.0
            ]
        ],
        [
            [
                -0.897306611984319,
                0.1763437130223436,
                -0.40465261517345585,
                0.4391999999999998
            ],
            [
                0.4404644375904526,
                0.41761287520958257,
                -0.7947267238977888,
                2.0037999999999996
            ],
            [
                0.028843080753444685,
                -0.8913486306360039,
                -0.45239992855433964,
                1.6364999999999998
            ],
            [
                0.0,
                0.0,
                0.0,
                1.0
            ]
        ],
        [
            [
                -0.8711367471842022,
                0.19603222805190215,
                -0.4502134307973662,
                0.45340000000000014
            ],
            [
                0.4900503933396604,
                0.40526630182347506,
                -0.7717576281410948,
                1.8921
            ],
            [
                0.03116696476995749,
                -0.8929336986424754,
                -0.44910803837795804,
                1.6337000000000002
            ],
            [
                0.0,
                0.0,
                0.0,
                1.0
            ]
        ]
    ]
}