{
    "trj_id": [
        0,
        79,
        106,
        113,
        125
    ],
    "trj_est": [
        [
            [
                -0.9995793154019172,
                -0.014191935117850841,
                -0.025293896462288336,
                -0.6832
            ],
            [
                0.015225986420031567,
                0.4854905164113444,
                -0.8741093340150208,
                2.6909
            ],
            [
                0.024685249809780416,
                -0.8741267342052048,
                -0.4850701918171965,
                1.7372999999999998
            ],
            [
                0.0,
                0.0,
                0.0,
                1.0
            ]
        ],
        [
            [
                -0.9891470214583521,
                0.03468077859624185,
                -0.14275810416174992,
                -0.27213961147368976
            ],
            [
                0.14113196774033326,
                0.4942356622721996,
                -0.8578019177350293,
                2.6929291046722255
            ],
            [
                0.040807234960212484,
                -0.8686522223901004,
                -0.49376839273383066,
                1.7367798101277327
            ],
            [
                0.0,
                0.0,
                0.0,
                1.0
            ]
        ],
        [
            [
                -0.9793093224944169,
                0.04546822481904663,
                -0.19719877712456255,
                0.07232631479200265
            ],
            [
                0.19395761934097672,
                0.48900727377735015,
                -0.8504498232367217,
                2.7137937688293796
            ],
            [
                0.05776285827300907,
                -0.8711144349368745,
                -0.48770615049700583,
                1.698690184279617
            ],
            [
                0.0,
                0.0,
                0.0,
                1.0
            ]
        ],
        [
            [
                -0.9797076823422178,
                0.05447413257132133,
                -0.19289646302619523,
                0.1448075003527721
            ],
            [
                0.19363002755577854,
                0.5060152224759101,
                -0.8405183818499515,
                2.6684551806203354
            ],
            [
                0.05182095733380657,
                -0.8608254692999475,
                -0.5062931157877502,
                1.674106925540854
            ],
            [
                0.0,
                0.0,
                0.0,
                1.0
            ]
        ],
        [
            [
                -0.9760094087938587,
                0.07391617920236501,
                -0.2048082675282986,
                0.24249151648550382
            ],
            [
                0.21478787967853585,
                0.48128082683149287,
                -0.84985661314413,
                2.5292862888122483
            ],
            [
                0.03575175434040291,
                -0.8734709868359053,
                -0.48561118329840697,
                1.6456079982039789
            ],
            [
                0.0,
                0.0,
                0.0,
                1.0
            ]
        ]
    ],
    "trj_gt": [
        [
            [
                -0.9995793154019172,
                -0.014191935117850841,
                -0.025293896462288336,
                -0.6832
            ],
            [
                0.015225986420031567,
                0.4854905164113444,
                -0.8741093340150208,
                2.6909
            ],
            [
                0.024685249809780416,
                -0.8741267342052048,
                -0.4850701918171965,
                1.7372999999999998
            ],
            [
                0.0,
                0.0,
                0.0,
                1.0
            ]
        ],
        [
            [
                -0.988550683831327,
                0.03814652031853715,
                -0.14598763127129058,
                -0.2646
            ],
            [
                0.14569834732545753,
                0.4929103232968098,
                -0.8577945003169842,
                2.6959
            ],
            [
                0.03923693519179602,
                -0.869243496481292,
                -0.4928247221292094,
                1.7352000000000003
            ],
            [
                0.0,
                0.0,
                0.0,
                1.0
            ]
        ],
        [
            [
                -0.9778815402161952,
                0.050358483424360445,
                -0.20300669065723048,
                0.08770000000000004
            ],
            [
                0.20119914817998227,
                0.49169795490194007,
                -0.8472024692580279,
                2.7031000000000005
            ],
            [
                0.05715414312236336,
                -0.8693084287480758,
                -0.4909544374292794,
                1.6995
            ],
            [
                0.0,
                0.0,
                0.0,
                1.0
            ]
        ],
        [
            [
                -0.9783510495281085,
                0.059206524696431485,
                -0.19830232303384396,
                0.16229999999999997
            ],
            [
                0.2006206026735029,
                0.5065367709504154,
                -0.8385534410268953,
                2.6573
            ],
            [
                0.05079958336609304,
                -0.8601831706726755,
                -0.5074488301507197,
                1.671
            ],
            [
                0.0,
                0.0,
                0.0,
                1.0
            ]
        ],
        [
            [
                -0.9741887458708055,
                0.07969949202680683,
                -0.2111972499568506,
                0.2597999999999999
            ],
            [
                0.22306941086989443,
                0.48324772448049175,
                -0.8465882557173735,
                2.5125999999999995
            ],
            [
                0.034587936521650604,
                -0.8718483972314771,
                -0.4885530133896207,
                1.6445
            ],
            [
                0.0,
                0.0,
                0.0,
                1.0
            ]
        ]
    ]
}