{
    "trj_id": [
        0,
        79,
        106,
        113,
        125,
        141,
        150,
        156,
        165,
        173,
        180,
        187,
        195,
        203,
        210,
        217,
        225,
        236,
        246,
        252
    ],
    "trj_est": [
        [
            [
                -0.9995793154019172,
                -0.014191935117850841,
                -0.025293896462288336,
                -0.6832
            ],
            [
                0.015225986420031567,
                0.4854905164113444,
                -0.8741093340150208,
                2.6909
            ],
            [
                0.024685249809780416,
                -0.8741267342052048,
                -0.4850701918171965,
                1.7372999999999998
            ],
            [
                0.0,
                0.0,
                0.0,
                1.0
            ]
        ],
        [
            [
                -0.989132445069064,
                0.03472879743295791,
                -0.1428482902795336,
                -0.27209640415664593
            ],
            [
                0.1412334907231458,
                0.4942451305369759,
                -0.8577798091228038,
                2.692876020965103
            ],
            [
                0.04081274205173027,
                -0.8686446714583503,
                -0.4937808916991689,
                1.7368059441846282
            ],
            [
                0.0,
                0.0,
                0.0,
                1.0
            ]
        ],
        [
            [
                -0.9792463587689082,
                0.04541169461676339,
                -0.1975210924513521,
                0.07287959035767264
            ],
            [
                0.1942192023295591,
                0.488867633093792,
                -0.8504706627763695,
                2.713220106559166
            ],
            [
                0.057939980706448506,
                -0.8711958202069758,
                -0.4875402247156934,
                1.6980684911231831
            ],
            [
                0.0,
                0.0,
                0.0,
                1.0
            ]
        ],
        [
            [
                -0.9795532127098291,
                0.05458706214112307,
                -0.19364638612381035,
                0.14617816606699252
            ],
            [
                0.19434802610731863,
                0.5057224159758167,
                -0.8405299166827174,
                2.666903544537788
            ],
            [
                0.0520480029576053,
                -0.8609904250903444,
                -0.5059889616810705,
                1.6726668602077517
            ],
            [
                0.0,
                0.0,
                0.0,
                1.0
            ]
        ],
        [
            [
                -0.9755632209695321,
                0.07405772821092518,
                -0.20687492327435186,
                0.24642804150023995
            ],
            [
                0.21666187206021464,
                0.48113961695770663,
                -0.8494606502010515,
                2.525050193103565
            ],
            [
                0.036626413634611894,
                -0.8735365888200196,
                -0.48542772675802515,
                1.6436297744491717
            ],
            [
                0.0,
                0.0,
                0.0,
                1.0
            ]
        ],
        [
            [
                -0.9570959478455188,
                0.10228971285161503,
                -0.2711279685941648,
                0.31204810756500284
            ],
            [
                0.2857259527912343,
                0.4892225401663136,
                -0.8240433168232941,
                2.324169094464829
            ],
            [
                0.048350269246944064,
                -0.8661661839709465,
                -0.49746264533065104,
                1.6362711336368054
            ],
            [
                0.0,
                0.0,
                0.0,
                1.0
            ]
        ],
        [
            [
                -0.9416505356547394,
                0.1276923371473347,
                -0.31144502671509844,
                0.35528014113070877
            ],
            [
                0.3344127985001923,
                0.4604777990026679,
                -0.8222879261130025,
                2.2052606433574105
            ],
            [
                0.03841300415826492,
                -0.87846861747151,
                -0.4763119657098293,
                1.627098166254498
            ],
            [
                0.0,
                0.0,
                0.0,
                1.0
            ]
        ],
        [
            [
                -0.928034167357804,
                0.14957404776275135,
                -0.3411621137411056,
                0.3867963625622465
            ],
            [
                0.37174094729611423,
                0.4309244996028,
                -0.8222781635300334,
                2.1369095091727712
            ],
            [
                0.024022817348615295,
                -0.8899356460851893,
                -0.45551485651250323,
                1.6296917950784213
            ],
            [
                0.0,
                0.0,
                0.0,
                1.0
            ]
        ],
        [
            [
                -0.9006651163066739,
                0.16908678638618013,
                -0.40028300213643214,
                0.42301535088727366
            ],
            [
                0.43322823664102134,
                0.4208788666583921,
                -0.7969982650544477,
                2.014387306791129
            ],
            [
                0.03370810240774487,
                -0.8912507936993149,
                -0.4523217897229636,
                1.6310845807543937
            ],
            [
                0.0,
                0.0,
                0.0,
                1.0
            ]
        ],
        [
            [
                -0.8761408021857968,
                0.18679826987393405,
                -0.4444128291282817,
                0.4364335620926993
            ],
            [
                0.48090342118160406,
                0.40310939763674203,
                -0.7786344105835594,
                1.9119983075002924
            ],
            [
                0.03369878784083571,
                -0.8959194126385315,
                -0.4430090057147584,
                1.6217720045041861
            ],
            [
                0.0,
                0.0,
                0.0,
                1.0
            ]
        ],
        [
            [
                -0.8511005842612624,
                0.22799417385044046,
                -0.4729369898672439,
                0.44723152005301325
            ],
            [
                0.5248059968755504,
                0.3960521241691631,
                -0.7535015055612424,
                1.8024771507237356
            ],
            [
                0.0155128679440686,
                -0.889507525629659,
                -0.45672766723232683,
                1.6125235255477721
            ],
            [
                0.0,
                0.0,
                0.0,
                1.0
            ]
        ],
        [
            [
                -0.8313774784172714,
                0.2663572101141611,
                -0.4877382000227217,
                0.4568997359983476
            ],
            [
                0.5557406415041305,
                0.39969584979186745,
                -0.7290002028753942,
                1.709072844069248
            ],
            [
                0.0007723934697176475,
                -0.8771314108118377,
                -0.4803163262891213,
                1.5997487353418534
            ],
            [
                0.0,
                0.0,
                0.0,
                1.0
            ]
        ],
        [
            [
                -0.7915879623984733,
                0.25989076875339734,
                -0.5530613448986467,
                0.47097273286586383
            ],
            [
                0.6091408310217442,
                0.40784277609431185,
                -0.6801914585384468,
                1.61358897563227
            ],
            [
                0.04878557871532466,
                -0.8753226059742465,
                -0.48114295838289406,
                1.5858886494959747
            ],
            [
                0.0,
                0.0,
                0.0,
                1.0
            ]
        ],
        [
            [
                -0.7428152655252396,
                0.2554291135155251,
                -0.618886178550133,
                0.5062881938243781
            ],
            [
                0.6677375291089519,
                0.3503314728410451,
                -0.6568462114884452,
                1.5496664899330674
            ],
            [
                0.049036079368579656,
                -0.9011630818481052,
                -0.4307792520382978,
                1.5450358897776038
            ],
            [
                0.0,
                0.0,
                0.0,
                1.0
            ]
        ],
        [
            [
                -0.7224354509857989,
                0.28855878737592766,
                -0.6283786888448585,
                0.5368416758637016
            ],
            [
                0.6912551657902263,
                0.3243331369668734,
                -0.6457756840239786,
                1.479994232422231
            ],
            [
                0.01745857446821772,
                -0.9008963547983129,
                -0.43376440231821456,
                1.5092742244591297
            ],
            [
                0.0,
                0.0,
                0.0,
                1.0
            ]
        ],
        [
            [
                -0.723472245733118,
                0.25563533040632025,
                -0.6413120427721247,
                0.5699219802732278
            ],
            [
                0.6894204141741648,
                0.3167936310431962,
                -0.6514589304533557,
                1.4100926760260364
            ],
            [
                0.036627535364096596,
                -0.913436754388764,
                -0.405417054205843,
                1.4928444089112824
            ],
            [
                0.0,
                0.0,
                0.0,
                1.0
            ]
        ],
        [
            [
                -0.709882587138172,
                0.27140847035683924,
                -0.6499632514113542,
                0.5921240258173618
            ],
            [
                0.7039126880645262,
                0.3062835875914449,
                -0.640904122360433,
                1.3538200151715925
            ],
            [
                0.025126826098177096,
                -0.9124732250500457,
                -0.4084571794759753,
                1.462985552404183
            ],
            [
                0.0,
                0.0,
                0.0,
                1.0
            ]
        ],
        [
            [
                -0.6842849927658475,
                0.29633059062651107,
                -0.6663279934647276,
                0.6320533597998709
            ],
            [
                0.7289407285419086,
                0.30479392912579373,
                -0.6130349317370859,
                1.3058162590318874
            ],
            [
                0.021431481132694403,
                -0.905192061191768,
                -0.42455557793563964,
                1.4364846883152829
            ],
            [
                0.0,
                0.0,
                0.0,
                1.0
            ]
        ],
        [
            [
                -0.6516820817980661,
                0.32686946856490434,
                -0.6844845042063886,
                0.7227157594257526
            ],
            [
                0.7584645122680949,
                0.29313287092104773,
                -0.5821322206225088,
                1.2581122654967896
            ],
            [
                0.010363813479933277,
                -0.8985095764387777,
                -0.43892890633919224,
                1.4509238186750677
            ],
            [
                0.0,
                0.0,
                0.0,
                1.0
            ]
        ],
        [
            [
                -0.6694086533421164,
                0.3107215951627571,
                -0.6748318677152537,
                0.7881992998560241
            ],
            [
                0.7428392661943778,
                0.2949198580716705,
                -0.60107334342153,
                1.2348853371999244
            ],
            [
                0.012255251594199969,
                -0.9036416175336603,
                -0.42821735918909015,
                1.4710746709083016
            ],
            [
                0.0,
                0.0,
                0.0,
                1.0
            ]
        ]
    ],
    "trj_gt": [
        [
            [
                -0.9995793154019172,
                -0.014191935117850841,
                -0.025293896462288336,
                -0.6832
            ],
            [
                0.015225986420031567,
                0.4854905164113444,
                -0.8741093340150208,
                2.6909
            ],
            [
                0.024685249809780416,
                -0.8741267342052048,
                -0.4850701918171965,
                1.7372999999999998
            ],
            [
                0.0,
                0.0,
                0.0,
                1.0
            ]
        ],
        [
            [
                -0.988550683831327,
                0.03814652031853715,
                -0.14598763127129058,
                -0.2646
            ],
            [
                0.14569834732545753,
                0.4929103232968098,
                -0.8577945003169842,
                2.6959
            ],
            [
                0.03923693519179602,
                -0.869243496481292,
                -0.4928247221292094,
                1.7352000000000003
            ],
            [
                0.0,
                0.0,
                0.0,
                1.0
            ]
        ],
        [
            [
                -0.9778815402161952,
                0.050358483424360445,
                -0.20300669065723048,
                0.08770000000000004
            ],
            [
                0.20119914817998227,
                0.49169795490194007,
                -0.8472024692580279,
                2.7031000000000005
            ],
            [
                0.05715414312236336,
                -0.8693084287480758,
                -0.4909544374292794,
                1.6995
            ],
            [
                0.0,
                0.0,
                0.0,
                1.0
            ]
        ],
        [
            [
                -0.9783510495281085,
                0.059206524696431485,
                -0.19830232303384396,
                0.16229999999999997
            ],
            [
                0.2006206026735029,
                0.5065367709504154,
                -0.8385534410268953,
                2.6573
            ],
            [
                0.05079958336609304,
                -0.8601831706726755,
                -0.5074488301507197,
                1.671
            ],
            [
                0.0,
                0.0,
                0.0,
                1.0
            ]
        ],
        [
            [
                -0.9741887458708055,
                0.07969949202680683,
                -0.2111972499568506,
                0.2597999999999999
            ],
            [
                0.22306941086989443,
                0.48324772448049175,
                -0.8465882557173735,
                2.5125999999999995
            ],
            [
                0.034587936521650604,
                -0.8718483972314771,
                -0.4885530133896207,
                1.6445
            ],
            [
                0.0,
                0.0,
                0.0,
                1.0
            ]
        ],
        [
            [
                -0.9550619558157069,
                0.1085400842224448,
                -0.27581825659383247,
                0.32649999999999996
            ],
            [
                0.2928694486104505,
                0.4888799656458923,
                -0.8217200650225609,
                2.3139000000000007
            ],
            [
                0.04565245474328111,
                -0.8655723131587886,
                -0.4986987307672407,
                1.6365000000000003
            ],
            [
                0.0,
                0.0,
                0.0,
                1.0
            ]
        ],
        [
            [
                -0.9395433518258135,
                0.13437704360056527,
                -0.3149620615139032,
                0.3698999999999998
            ],
            [
                0.3406507487171496,
                0.46042287361095646,
                -0.8197364484114847,
                2.1973999999999996
            ],
            [
                0.03486197697149959,
                -0.8774699924265222,
                -0.47836289044264085,
                1.6283
            ],
            [
                0.0,
                0.0,
                0.0,
                1.0
            ]
        ],
        [
            [
                -0.9252365372415753,
                0.1550989928981398,
                -0.34623929955336114,
                0.40409999999999985
            ],
            [
                0.37877331170919726,
                0.4296767487461567,
                -0.819700353741402,
                2.1256
            ],
            [
                0.021636277176694467,
                -0.8895629230070886,
                -0.45629998632590213,
                1.6305
            ],
            [
                0.0,
                0.0,
                0.0,
                1.0
            ]
        ],
        [
            [
                -0.897306611984319,
                0.1763437130223436,
                -0.40465261517345585,
                0.4391999999999998
            ],
            [
                0.4404644375904526,
                0.41761287520958257,
                -0.7947267238977888,
                2.0037999999999996
            ],
            [
                0.028843080753444685,
                -0.8913486306360039,
                -0.45239992855433964,
                1.6364999999999998
            ],
            [
                0.0,
                0.0,
                0.0,
                1.0
            ]
        ],
        [
            [
                -0.8711367471842022,
                0.19603222805190215,
                -0.4502134307973662,
                0.45340000000000014
            ],
            [
                0.4900503933396604,
                0.40526630182347506,
                -0.7717576281410948,
                1.8921
            ],
            [
                0.03116696476995749,
                -0.8929336986424754,
                -0.44910803837795804,
                1.6337000000000002
            ],
            [
                0.0,
                0.0,
                0.0,
                1.0
            ]
        ],
        [
            [
                -0.8462244788619446,
                0.2350842330621975,
                -0.4781626655651697,
                0.464
            ],
            [
                0.5326361208615177,
                0.3972131134999657,
                -0.7473422945459851,
                1.7817
            ],
            [
                0.014244091000297979,
                -0.8871060510611016,
                -0.4613458139425925,
                1.6265
            ],
            [
                0.0,
                0.0,
                0.0,
                1.0
            ]
        ],
        [
            [
                -0.8264886894678785,
                0.27378976753360923,
                -0.4918898345926255,
                0.47400000000000014
            ],
            [
                0.5629524541314268,
                0.4034953199973754,
                -0.7213016436468306,
                1.6880000000000004
            ],
            [
                0.000990236876731576,
                -0.873058239714916,
                -0.48761493978017123,
                1.6147999999999998
            ],
            [
                0.0,
                0.0,
                0.0,
                1.0
            ]
        ],
        [
            [
                -0.786377268673407,
                0.2663658511946603,
                -0.5573688407429113,
                0.49139999999999995
            ],
            [
                0.6160898171261422,
                0.4042035873579023,
                -0.6760568002767812,
                1.6029000000000002
            ],
            [
                0.045212039848136855,
                -0.875024967234848,
                -0.48196180156566754,
                1.5958
            ],
            [
                0.0,
                0.0,
                0.0,
                1.0
            ]
        ],
        [
            [
                -0.7371367809057958,
                0.2665103669945075,
                -0.6209682685293141,
                0.5261000000000001
            ],
            [
                0.6738802520572704,
                0.3581173089910683,
                -0.6462487128716196,
                1.5247999999999995
            ],
            [
                0.05014750365741762,
                -0.8948319491868005,
                -0.4435775136224567,
                1.5604000000000002
            ],
            [
                0.0,
                0.0,
                0.0,
                1.0
            ]
        ],
        [
            [
                -0.7173447253069629,
                0.29941001378861093,
                -0.6291026853522254,
                0.5566000000000001
            ],
            [
                0.6964273596710616,
                0.3342422461203213,
                -0.6350362616497082,
                1.4554999999999998
            ],
            [
                0.020136478735646335,
                -0.8936642347948957,
                -0.44828423759104236,
                1.5268000000000002
            ],
            [
                0.0,
                0.0,
                0.0,
                1.0
            ]
        ],
        [
            [
                -0.7189914840679744,
                0.2627253054592139,
                -0.6434490342747394,
                0.5902999999999998
            ],
            [
                0.6939443545663404,
                0.32282765569196414,
                -0.6436020023942871,
                1.3914999999999995
            ],
            [
                0.03863261061897167,
                -0.9092621836367074,
                -0.41442707778928917,
                1.5062
            ],
            [
                0.0,
                0.0,
                0.0,
                1.0
            ]
        ],
        [
            [
                -0.7034314538260364,
                0.2830262085282712,
                -0.6519818671207821,
                0.6103000000000003
            ],
            [
                0.7102511841465192,
                0.3147135457657513,
                -0.62968137937374,
                1.3281
            ],
            [
                0.026971191791554876,
                -0.9060085813046476,
                -0.4223991067884538,
                1.4775
            ],
            [
                0.0,
                0.0,
                0.0,
                1.0
            ]
        ],
        [
            [
                -0.6763725897636931,
                0.3063087771727812,
                -0.6698470368996722,
                0.6514999999999997
            ],
            [
                0.7362198121810727,
                0.30877200228761825,
                -0.6021961796253452,
                1.2781
            ],
            [
                0.0223720354107799,
                -0.9004636492553216,
                -0.4343555092333563,
                1.4526000000000001
            ],
            [
                0.0,
                0.0,
                0.0,
                1.0
            ]
        ],
        [
            [
                -0.6454640790403811,
                0.3366240558925039,
                -0.6856094862697233,
                0.7410000000000002
            ],
            [
                0.7636631525852913,
                0.3008260056221701,
                -0.5712462723947561,
                1.2335999999999998
            ],
            [
                0.013953926044191925,
                -0.8922936508436504,
                -0.4512397684292272,
                1.4681
            ],
            [
                0.0,
                0.0,
                0.0,
                1.0
            ]
        ],
        [
            [
                -0.6639895055141496,
                0.3189642144852042,
                -0.6762985778817752,
                0.8025000000000003
            ],
            [
                0.7475683279752813,
                0.3026585540853946,
                -0.5912185675764763,
                1.2064999999999997
            ],
            [
                0.016109983715608227,
                -0.8981423214150277,
                -0.4394096481734415,
                1.4862
            ],
            [
                0.0,
                0.0,
                0.0,
                1.0
            ]
        ]
    ]
}