{
    "trj_id": [
        0,
        82,
        107,
        116,
        126,
        141,
        150,
        156,
        165,
        173,
        180,
        187,
        195,
        203,
        210,
        217,
        226,
        238,
        247,
        253
    ],
    "trj_est": [
        [
            [
                -0.9995793154019172,
                -0.014191935117850841,
                -0.025293896462288336,
                -0.6832
            ],
            [
                0.015225986420031567,
                0.4854905164113444,
                -0.8741093340150208,
                2.6909
            ],
            [
                0.024685249809780416,
                -0.8741267342052048,
                -0.4850701918171965,
                1.7372999999999998
            ],
            [
                0.0,
                0.0,
                0.0,
                1.0
            ]
        ],
        [
            [
                -0.9891282927574889,
                0.04172471493304349,
                -0.1409749339580516,
                -0.24344636126644306
            ],
            [
                0.14303262641094627,
                0.4950077780757694,
                -0.8570446348280385,
                2.6905131681431804
            ],
            [
                0.03402400038653963,
                -0.867902999123385,
                -0.49559502417218665,
                1.7380430561775249
            ],
            [
                0.0,
                0.0,
                0.0,
                1.0
            ]
        ],
        [
            [
                -0.979208706598771,
                0.045415878350289735,
                -0.19769140715281935,
                0.08285548176111097
            ],
            [
                0.194097301318953,
                0.49294698678168936,
                -0.8481465254272481,
                2.7080699586066834
            ],
            [
                0.058932098343008214,
                -0.8688960856380119,
                -0.49151009633608883,
                1.6930070076167854
            ],
            [
                0.0,
                0.0,
                0.0,
                1.0
            ]
        ],
        [
            [
                -0.9770330282323878,
                0.05521590857418306,
                -0.20579298123742235,
                0.17553477905087017
            ],
            [
                0.20489695657413506,
                0.5085450442205673,
                -0.8363189163774094,
                2.630500074614779
            ],
            [
                0.05847598883196234,
                -0.8592901789462165,
                -0.5081778683527992,
                1.6641917453811605
            ],
            [
                0.0,
                0.0,
                0.0,
                1.0
            ]
        ],
        [
            [
                -0.9756125611724543,
                0.08110908480376593,
                -0.20394660163568754,
                0.25286544444730996
            ],
            [
                0.21746701513963887,
                0.4831065393566603,
                -0.8481460929618925,
                2.5095551291219236
            ],
            [
                0.029734410533586893,
                -0.8718260684189307,
                -0.4889613303448853,
                1.6421666021566657
            ],
            [
                0.0,
                0.0,
                0.0,
                1.0
            ]
        ],
        [
            [
                -0.9570301858104135,
                0.10218284562409914,
                -0.2713808396516818,
                0.3122054920016097
            ],
            [
                0.2858957947933638,
                0.48919776622873407,
                -0.8240075850427627,
                2.322413062581796
            ],
            [
                0.048557450967671306,
                -0.8661976550229179,
                -0.49739094964941283,
                1.635406073303642
            ],
            [
                0.0,
                0.0,
                0.0,
                1.0
            ]
        ],
        [
            [
                -0.9415764322091691,
                0.12762216261834103,
                -0.3116805563477757,
                0.35526829948363314
            ],
            [
                0.33458685513334735,
                0.46056168595248465,
                -0.8221768943858538,
                2.203194711110407
            ],
            [
                0.03861796587320783,
                -0.8784369120366042,
                -0.4763531955551564,
                1.6263205288878642
            ],
            [
                0.0,
                0.0,
                0.0,
                1.0
            ]
        ],
        [
            [
                -0.9279247690903094,
                0.14949900889783782,
                -0.341473695624322,
                0.38710227074655285
            ],
            [
                0.3719909564168928,
                0.4308464965750443,
                -0.8222142115412683,
                2.134922496534699
            ],
            [
                0.024200544060339873,
                -0.8899874418819321,
                -0.4554037968231529,
                1.6288392357770314
            ],
            [
                0.0,
                0.0,
                0.0,
                1.0
            ]
        ],
        [
            [
                -0.9005033636890977,
                0.16911699780052375,
                -0.40062011451445206,
                0.4232862775331796
            ],
            [
                0.4335429367897579,
                0.4209415997382453,
                -0.7968028619276756,
                2.012082871969835
            ],
            [
                0.03388265392686146,
                -0.8912180288032431,
                -0.45237595345623466,
                1.6303597762542161
            ],
            [
                0.0,
                0.0,
                0.0,
                1.0
            ]
        ],
        [
            [
                -0.8759658542729616,
                0.186727970055906,
                -0.44477443775244335,
                0.4368306598622307
            ],
            [
                0.4812031810055985,
                0.40302681588376144,
                -0.778500137204975,
                1.9099003324708785
            ],
            [
                0.03388579437155873,
                -0.8959729980659522,
                -0.4428877551218343,
                1.6209520758708353
            ],
            [
                0.0,
                0.0,
                0.0,
                1.0
            ]
        ],
        [
            [
                -0.8508951333497308,
                0.2279609886007198,
                -0.47331026257390535,
                0.44762075859870704
            ],
            [
                0.525126716422626,
                0.396102138489263,
                -0.753261410438839,
                1.8002198999387395
            ],
            [
                0.015762593166917215,
                -0.8894958270589955,
                -0.4567432705291636,
                1.611951633747033
            ],
            [
                0.0,
                0.0,
                0.0,
                1.0
            ]
        ],
        [
            [
                -0.8311713576638499,
                0.2662234602652837,
                -0.488150204391183,
                0.4574189930719475
            ],
            [
                0.5560437627479944,
                0.3996673369747612,
                -0.7287947070220993,
                1.7066243004763306
            ],
            [
                0.0010726237652938537,
                -0.8771879701092116,
                -0.4802169431868363,
                1.5990278109260938
            ],
            [
                0.0,
                0.0,
                0.0,
                1.0
            ]
        ],
        [
            [
                -0.7912827504951782,
                0.2598468114978946,
                -0.5535079957483159,
                0.47139165429208996
            ],
            [
                0.6095154419399501,
                0.40778576295912006,
                -0.6799003966210829,
                1.6110529707573626
            ],
            [
                0.04903892100072726,
                -0.875362518458127,
                -0.48104506501803107,
                1.5850244785876006
            ],
            [
                0.0,
                0.0,
                0.0,
                1.0
            ]
        ],
        [
            [
                -0.7426107391964912,
                0.2553530795149033,
                -0.619153448809373,
                0.5064866104086889
            ],
            [
                0.6679599898535667,
                0.35013777646561645,
                -0.6567336393216507,
                1.5473759953837962
            ],
            [
                0.04908553480727447,
                -0.9012609993605419,
                -0.4305705010859739,
                1.5442381969553505
            ],
            [
                0.0,
                0.0,
                0.0,
                1.0
            ]
        ],
        [
            [
                -0.7221003224113902,
                0.28879775416877945,
                -0.6286472392179863,
                0.5367480498525374
            ],
            [
                0.691611505526787,
                0.32414280688800445,
                -0.6455054500403523,
                1.4773654420862412
            ],
            [
                0.01734706924911234,
                -0.9008916614546519,
                -0.4337857326444822,
                1.5086603463762283
            ],
            [
                0.0,
                0.0,
                0.0,
                1.0
            ]
        ],
        [
            [
                -0.723076847723472,
                0.2558497047764045,
                -0.6416664698918122,
                0.5696932031860582
            ],
            [
                0.6898470522105724,
                0.3164812722438216,
                -0.6511731439557119,
                1.4074629449379106
            ],
            [
                0.03646971500817631,
                -0.9134875355831523,
                -0.40532269587396325,
                1.4920714682935905
            ],
            [
                0.0,
                0.0,
                0.0,
                1.0
            ]
        ],
        [
            [
                -0.7062179531727522,
                0.2764801384368406,
                -0.6518094877829975,
                0.5949355675600878
            ],
            [
                0.7078271481733549,
                0.298269963134127,
                -0.6403885594033338,
                1.346851979094782
            ],
            [
                0.01735780091709887,
                -0.9136076277060655,
                -0.4063267258874572,
                1.4553961165092069
            ],
            [
                0.0,
                0.0,
                0.0,
                1.0
            ]
        ],
        [
            [
                -0.6793129364395637,
                0.30535140326270915,
                -0.6673355661262115,
                0.6426285888804386
            ],
            [
                0.7337975054421353,
                0.29740508038075125,
                -0.6108818281463556,
                1.295020627494158
            ],
            [
                0.011932298833701315,
                -0.904654015345441,
                -0.4260777365285251,
                1.4373722171413912
            ],
            [
                0.0,
                0.0,
                0.0,
                1.0
            ]
        ],
        [
            [
                -0.6507470588228389,
                0.3274789683211803,
                -0.6850771431594006,
                0.7313915817473623
            ],
            [
                0.7593123090716815,
                0.28870692830322137,
                -0.5832538321788687,
                1.2501513979738317
            ],
            [
                0.006779245158879345,
                -0.8997218613648978,
                -0.4365115584164,
                1.4541986135855796
            ],
            [
                0.0,
                0.0,
                0.0,
                1.0
            ]
        ],
        [
            [
                -0.6732754663647973,
                0.3049319135290046,
                -0.6736197481347675,
                0.7948395591443358
            ],
            [
                0.7390215215784963,
                0.3081770267585637,
                -0.599139386288151,
                1.2263232837707492
            ],
            [
                0.024893923117087,
                -0.9011877836872159,
                -0.4328164698567621,
                1.4753995972847163
            ],
            [
                0.0,
                0.0,
                0.0,
                1.0
            ]
        ]
    ],
    "trj_gt": [
        [
            [
                -0.9995793154019172,
                -0.014191935117850841,
                -0.025293896462288336,
                -0.6832
            ],
            [
                0.015225986420031567,
                0.4854905164113444,
                -0.8741093340150208,
                2.6909
            ],
            [
                0.024685249809780416,
                -0.8741267342052048,
                -0.4850701918171965,
                1.7372999999999998
            ],
            [
                0.0,
                0.0,
                0.0,
                1.0
            ]
        ],
        [
            [
                -0.9884306527018434,
                0.04678687090899006,
                -0.1442769333953064,
                -0.2338
            ],
            [
                0.14847647725395755,
                0.49275102645404617,
                -0.8574095646951572,
                2.6936000000000004
            ],
            [
                0.030977096404653633,
                -0.8689116264839766,
                -0.49399696847177893,
                1.7364000000000002
            ],
            [
                0.0,
                0.0,
                0.0,
                1.0
            ]
        ],
        [
            [
                -0.9780028015149967,
                0.050869210215840205,
                -0.20229395364378844,
                0.10080000000000013
            ],
            [
                0.2006191683727073,
                0.49494885538207284,
                -0.8454451962353441,
                2.6981000000000006
            ],
            [
                0.05711803139343927,
                -0.8674318151924063,
                -0.49426670581958665,
                1.6946000000000003
            ],
            [
                0.0,
                0.0,
                0.0,
                1.0
            ]
        ],
        [
            [
                -0.9760315700474756,
                0.05999304337863176,
                -0.2091965798401818,
                0.18899999999999997
            ],
            [
                0.2103919209741095,
                0.5059419065609078,
                -0.8365154073741488,
                2.6278999999999995
            ],
            [
                0.05565621132887162,
                -0.8604787167220835,
                -0.5064373250549693,
                1.6625000000000003
            ],
            [
                0.0,
                0.0,
                0.0,
                1.0
            ]
        ],
        [
            [
                -0.9742964242529936,
                0.08589019805330685,
                -0.20825309497386682,
                0.2650999999999999
            ],
            [
                0.22352133637593333,
                0.48355038253955707,
                -0.8462961891268121,
                2.5007
            ],
            [
                0.02801231644379931,
                -0.871092361018171,
                -0.49031970050492635,
                1.6431000000000002
            ],
            [
                0.0,
                0.0,
                0.0,
                1.0
            ]
        ],
        [
            [
                -0.9550619558157069,
                0.1085400842224448,
                -0.27581825659383247,
                0.32649999999999996
            ],
            [
                0.2928694486104505,
                0.4888799656458923,
                -0.8217200650225609,
                2.3139000000000007
            ],
            [
                0.04565245474328111,
                -0.8655723131587886,
                -0.4986987307672407,
                1.6365000000000003
            ],
            [
                0.0,
                0.0,
                0.0,
                1.0
            ]
        ],
        [
            [
                -0.9395433518258135,
                0.13437704360056527,
                -0.3149620615139032,
                0.3698999999999998
            ],
            [
                0.3406507487171496,
                0.46042287361095646,
                -0.8197364484114847,
                2.1973999999999996
            ],
            [
                0.03486197697149959,
                -0.8774699924265222,
                -0.47836289044264085,
                1.6283
            ],
            [
                0.0,
                0.0,
                0.0,
                1.0
            ]
        ],
        [
            [
                -0.9252365372415753,
                0.1550989928981398,
                -0.34623929955336114,
                0.40409999999999985
            ],
            [
                0.37877331170919726,
                0.4296767487461567,
                -0.819700353741402,
                2.1256
            ],
            [
                0.021636277176694467,
                -0.8895629230070886,
                -0.45629998632590213,
                1.6305
            ],
            [
                0.0,
                0.0,
                0.0,
                1.0
            ]
        ],
        [
            [
                -0.897306611984319,
                0.1763437130223436,
                -0.40465261517345585,
                0.4391999999999998
            ],
            [
                0.4404644375904526,
                0.41761287520958257,
                -0.7947267238977888,
                2.0037999999999996
            ],
            [
                0.028843080753444685,
                -0.8913486306360039,
                -0.45239992855433964,
                1.6364999999999998
            ],
            [
                0.0,
                0.0,
                0.0,
                1.0
            ]
        ],
        [
            [
                -0.8711367471842022,
                0.19603222805190215,
                -0.4502134307973662,
                0.45340000000000014
            ],
            [
                0.4900503933396604,
                0.40526630182347506,
                -0.7717576281410948,
                1.8921
            ],
            [
                0.03116696476995749,
                -0.8929336986424754,
                -0.44910803837795804,
                1.6337000000000002
            ],
            [
                0.0,
                0.0,
                0.0,
                1.0
            ]
        ],
        [
            [
                -0.8462244788619446,
                0.2350842330621975,
                -0.4781626655651697,
                0.464
            ],
            [
                0.5326361208615177,
                0.3972131134999657,
                -0.7473422945459851,
                1.7817
            ],
            [
                0.014244091000297979,
                -0.8871060510611016,
                -0.4613458139425925,
                1.6265
            ],
            [
                0.0,
                0.0,
                0.0,
                1.0
            ]
        ],
        [
            [
                -0.8264886894678785,
                0.27378976753360923,
                -0.4918898345926255,
                0.47400000000000014
            ],
            [
                0.5629524541314268,
                0.4034953199973754,
                -0.7213016436468306,
                1.6880000000000004
            ],
            [
                0.000990236876731576,
                -0.873058239714916,
                -0.48761493978017123,
                1.6147999999999998
            ],
            [
                0.0,
                0.0,
                0.0,
                1.0
            ]
        ],
        [
            [
                -0.786377268673407,
                0.2663658511946603,
                -0.5573688407429113,
                0.49139999999999995
            ],
            [
                0.6160898171261422,
                0.4042035873579023,
                -0.6760568002767812,
                1.6029000000000002
            ],
            [
                0.045212039848136855,
                -0.875024967234848,
                -0.48196180156566754,
                1.5958
            ],
            [
                0.0,
                0.0,
                0.0,
                1.0
            ]
        ],
        [
            [
                -0.7371367809057958,
                0.2665103669945075,
                -0.6209682685293141,
                0.5261000000000001
            ],
            [
                0.6738802520572704,
                0.3581173089910683,
                -0.6462487128716196,
                1.5247999999999995
            ],
            [
                0.05014750365741762,
                -0.8948319491868005,
                -0.4435775136224567,
                1.5604000000000002
            ],
            [
                0.0,
                0.0,
                0.0,
                1.0
            ]
        ],
        [
            [
                -0.7173447253069629,
                0.29941001378861093,
                -0.6291026853522254,
                0.5566000000000001
            ],
            [
                0.6964273596710616,
                0.3342422461203213,
                -0.6350362616497082,
                1.4554999999999998
            ],
            [
                0.020136478735646335,
                -0.8936642347948957,
                -0.44828423759104236,
                1.5268000000000002
            ],
            [
                0.0,
                0.0,
                0.0,
                1.0
            ]
        ],
        [
            [
                -0.7189914840679744,
                0.2627253054592139,
                -0.6434490342747394,
                0.5902999999999998
            ],
            [
                0.6939443545663404,
                0.32282765569196414,
                -0.6436020023942871,
                1.3914999999999995
            ],
            [
                0.03863261061897167,
                -0.9092621836367074,
                -0.41442707778928917,
                1.5062
            ],
            [
                0.0,
                0.0,
                0.0,
                1.0
            ]
        ],
        [
            [
                -0.7017008456880252,
                0.28807870514708817,
                -0.6516337796657632,
                0.6125000000000007
            ],
            [
                0.7121493802327092,
                0.31110344770547854,
                -0.6293313158106253,
                1.3229000000000002
            ],
            [
                0.021428564928133043,
                -0.9056629088499439,
                -0.423456623680135,
                1.4739999999999998
            ],
            [
                0.0,
                0.0,
                0.0,
                1.0
            ]
        ],
        [
            [
                -0.6711853711538739,
                0.31674912628378027,
                -0.6702090633134548,
                0.6639000000000002
            ],
            [
                0.7411955450187471,
                0.3011557399299267,
                -0.5999453178012315,
                1.271
            ],
            [
                0.011805151138321602,
                -0.8994304927595684,
                -0.4369043683701058,
                1.4538000000000002
            ],
            [
                0.0,
                0.0,
                0.0,
                1.0
            ]
        ],
        [
            [
                -0.6462679298385877,
                0.33612981860021507,
                -0.6850945247992664,
                0.7526999999999995
            ],
            [
                0.7630494273769377,
                0.29600663519849935,
                -0.5745743148611764,
                1.2285
            ],
            [
                0.00966096485211545,
                -0.8940899378509127,
                -0.4477832609554285,
                1.4722000000000002
            ],
            [
                0.0,
                0.0,
                0.0,
                1.0
            ]
        ],
        [
            [
                -0.6694363345339994,
                0.311842126211443,
                -0.6742473450638201,
                0.8144
            ],
            [
                0.7423057633002021,
                0.31615359488131184,
                -0.5907868128309295,
                1.2019
            ],
            [
                0.02893350613022823,
                -0.8959918486032948,
                -0.4431269112336358,
                1.4892
            ],
            [
                0.0,
                0.0,
                0.0,
                1.0
            ]
        ]
    ]
}