{
    "trj_id": [
        0,
        82,
        107,
        116,
        126,
        141,
        150,
        156,
        165,
        173,
        180,
        187,
        195,
        203,
        210,
        217,
        226,
        238,
        247,
        253,
        262,
        271,
        280,
        292,
        302,
        311,
        320,
        331,
        339,
        347
    ],
    "trj_est": [
        [
            [
                -0.9995793154019172,
                -0.014191935117850841,
                -0.025293896462288336,
                -0.6832
            ],
            [
                0.015225986420031567,
                0.4854905164113444,
                -0.8741093340150208,
                2.6909
            ],
            [
                0.024685249809780416,
                -0.8741267342052048,
                -0.4850701918171965,
                1.7372999999999998
            ],
            [
                0.0,
                0.0,
                0.0,
                1.0
            ]
        ],
        [
            [
                -0.9891282927574889,
                0.04172471493304349,
                -0.1409749339580516,
                -0.24344636126644306
            ],
            [
                0.14303262641094627,
                0.4950077780757694,
                -0.8570446348280385,
                2.6905131681431804
            ],
            [
                0.03402400038653963,
                -0.867902999123385,
                -0.49559502417218665,
                1.7380430561775249
            ],
            [
                0.0,
                0.0,
                0.0,
                1.0
            ]
        ],
        [
            [
                -0.979208706598771,
                0.045415878350289735,
                -0.19769140715281935,
                0.08285548176111097
            ],
            [
                0.194097301318953,
                0.49294698678168936,
                -0.8481465254272481,
                2.7080699586066834
            ],
            [
                0.058932098343008214,
                -0.8688960856380119,
                -0.49151009633608883,
                1.6930070076167854
            ],
            [
                0.0,
                0.0,
                0.0,
                1.0
            ]
        ],
        [
            [
                -0.9770330282323878,
                0.05521590857418306,
                -0.20579298123742235,
                0.17553477905087017
            ],
            [
                0.20489695657413506,
                0.5085450442205673,
                -0.8363189163774094,
                2.630500074614779
            ],
            [
                0.05847598883196234,
                -0.8592901789462165,
                -0.5081778683527992,
                1.6641917453811605
            ],
            [
                0.0,
                0.0,
                0.0,
                1.0
            ]
        ],
        [
            [
                -0.9756125611724543,
                0.08110908480376593,
                -0.20394660163568754,
                0.25286544444730996
            ],
            [
                0.21746701513963887,
                0.4831065393566603,
                -0.8481460929618925,
                2.5095551291219236
            ],
            [
                0.029734410533586893,
                -0.8718260684189307,
                -0.4889613303448853,
                1.6421666021566657
            ],
            [
                0.0,
                0.0,
                0.0,
                1.0
            ]
        ],
        [
            [
                -0.9570301858104135,
                0.10218284562409914,
                -0.2713808396516818,
                0.3122054920016097
            ],
            [
                0.2858957947933638,
                0.48919776622873407,
                -0.8240075850427627,
                2.322413062581796
            ],
            [
                0.048557450967671306,
                -0.8661976550229179,
                -0.49739094964941283,
                1.635406073303642
            ],
            [
                0.0,
                0.0,
                0.0,
                1.0
            ]
        ],
        [
            [
                -0.9415764322091691,
                0.12762216261834103,
                -0.3116805563477757,
                0.35526829948363314
            ],
            [
                0.33458685513334735,
                0.46056168595248465,
                -0.8221768943858538,
                2.203194711110407
            ],
            [
                0.03861796587320783,
                -0.8784369120366042,
                -0.4763531955551564,
                1.6263205288878642
            ],
            [
                0.0,
                0.0,
                0.0,
                1.0
            ]
        ],
        [
            [
                -0.9279247690903094,
                0.14949900889783782,
                -0.341473695624322,
                0.38710227074655285
            ],
            [
                0.3719909564168928,
                0.4308464965750443,
                -0.8222142115412683,
                2.134922496534699
            ],
            [
                0.024200544060339873,
                -0.8899874418819321,
                -0.4554037968231529,
                1.6288392357770314
            ],
            [
                0.0,
                0.0,
                0.0,
                1.0
            ]
        ],
        [
            [
                -0.9005033636890977,
                0.16911699780052375,
                -0.40062011451445206,
                0.4232862775331796
            ],
            [
                0.4335429367897579,
                0.4209415997382453,
                -0.7968028619276756,
                2.012082871969835
            ],
            [
                0.03388265392686146,
                -0.8912180288032431,
                -0.45237595345623466,
                1.6303597762542161
            ],
            [
                0.0,
                0.0,
                0.0,
                1.0
            ]
        ],
        [
            [
                -0.8759658542729616,
                0.186727970055906,
                -0.44477443775244335,
                0.4368306598622307
            ],
            [
                0.4812031810055985,
                0.40302681588376144,
                -0.778500137204975,
                1.9099003324708785
            ],
            [
                0.03388579437155873,
                -0.8959729980659522,
                -0.4428877551218343,
                1.6209520758708353
            ],
            [
                0.0,
                0.0,
                0.0,
                1.0
            ]
        ],
        [
            [
                -0.8508951333497308,
                0.2279609886007198,
                -0.47331026257390535,
                0.44762075859870704
            ],
            [
                0.525126716422626,
                0.396102138489263,
                -0.753261410438839,
                1.8002198999387395
            ],
            [
                0.015762593166917215,
                -0.8894958270589955,
                -0.4567432705291636,
                1.611951633747033
            ],
            [
                0.0,
                0.0,
                0.0,
                1.0
            ]
        ],
        [
            [
                -0.8311713576638499,
                0.2662234602652837,
                -0.488150204391183,
                0.4574189930719475
            ],
            [
                0.5560437627479944,
                0.3996673369747612,
                -0.7287947070220993,
                1.7066243004763306
            ],
            [
                0.0010726237652938537,
                -0.8771879701092116,
                -0.4802169431868363,
                1.5990278109260938
            ],
            [
                0.0,
                0.0,
                0.0,
                1.0
            ]
        ],
        [
            [
                -0.7912827504951782,
                0.2598468114978946,
                -0.5535079957483159,
                0.47139165429208996
            ],
            [
                0.6095154419399501,
                0.40778576295912006,
                -0.6799003966210829,
                1.6110529707573626
            ],
            [
                0.04903892100072726,
                -0.875362518458127,
                -0.48104506501803107,
                1.5850244785876006
            ],
            [
                0.0,
                0.0,
                0.0,
                1.0
            ]
        ],
        [
            [
                -0.7426107391964912,
                0.2553530795149033,
                -0.619153448809373,
                0.5064866104086889
            ],
            [
                0.6679599898535667,
                0.35013777646561645,
                -0.6567336393216507,
                1.5473759953837962
            ],
            [
                0.04908553480727447,
                -0.9012609993605419,
                -0.4305705010859739,
                1.5442381969553505
            ],
            [
                0.0,
                0.0,
                0.0,
                1.0
            ]
        ],
        [
            [
                -0.7221003224113902,
                0.28879775416877945,
                -0.6286472392179863,
                0.5367480498525374
            ],
            [
                0.691611505526787,
                0.32414280688800445,
                -0.6455054500403523,
                1.4773654420862412
            ],
            [
                0.01734706924911234,
                -0.9008916614546519,
                -0.4337857326444822,
                1.5086603463762283
            ],
            [
                0.0,
                0.0,
                0.0,
                1.0
            ]
        ],
        [
            [
                -0.723076847723472,
                0.2558497047764045,
                -0.6416664698918122,
                0.5696932031860582
            ],
            [
                0.6898470522105724,
                0.3164812722438216,
                -0.6511731439557119,
                1.4074629449379106
            ],
            [
                0.03646971500817631,
                -0.9134875355831523,
                -0.40532269587396325,
                1.4920714682935905
            ],
            [
                0.0,
                0.0,
                0.0,
                1.0
            ]
        ],
        [
            [
                -0.7063133189273723,
                0.276575491837724,
                -0.6516654536273788,
                0.5952245597081535
            ],
            [
                0.7077359164343263,
                0.2982333091499576,
                -0.6405067774501015,
                1.3466568750266468
            ],
            [
                0.017197176347026496,
                -0.9135906337655518,
                -0.40637155904551203,
                1.4554610359739653
            ],
            [
                0.0,
                0.0,
                0.0,
                1.0
            ]
        ],
        [
            [
                -0.6790069294937271,
                0.30564762261395856,
                -0.6675113556848614,
                0.6426055957985641
            ],
            [
                0.734083246148985,
                0.29723460134185015,
                -0.6106212499761617,
                1.2943889457839843
            ],
            [
                0.011769652009879944,
                -0.9046097345017677,
                -0.42617571471238386,
                1.4372455761221143
            ],
            [
                0.0,
                0.0,
                0.0,
                1.0
            ]
        ],
        [
            [
                -0.6502669626580518,
                0.3276445104287412,
                -0.6854542200038161,
                0.7315201587776481
            ],
            [
                0.7597251426978592,
                0.2883269354376675,
                -0.5829043825542048,
                1.249044028254296
            ],
            [
                0.006645399420087944,
                -0.8997830841115634,
                -0.4363864257539232,
                1.4542062215059592
            ],
            [
                0.0,
                0.0,
                0.0,
                1.0
            ]
        ],
        [
            [
                -0.6730351260097724,
                0.30514872560499373,
                -0.6737623017492704,
                0.794419293227396
            ],
            [
                0.7392421801043966,
                0.30813370032906157,
                -0.5988901018778058,
                1.224942269992682
            ],
            [
                0.024854972802592384,
                -0.9011296776508667,
                -0.43294043413568706,
                1.4749717813834329
            ],
            [
                0.0,
                0.0,
                0.0,
                1.0
            ]
        ],
        [
            [
                -0.6669332328688569,
                0.2832394552560647,
                -0.6892222691458989,
                0.8697118249669182
            ],
            [
                0.7426348352722543,
                0.32887748109984705,
                -0.5834658487869471,
                1.2015570599481138
            ],
            [
                0.06140493157433868,
                -0.9009526115403562,
                -0.4296581023477354,
                1.500254123081261
            ],
            [
                0.0,
                0.0,
                0.0,
                1.0
            ]
        ],
        [
            [
                -0.6449106559074924,
                0.2896278304671655,
                -0.7072908849260957,
                0.9613286910658033
            ],
            [
                0.7616231053307494,
                0.32110990619826135,
                -0.5629629874520672,
                1.1786994180917887
            ],
            [
                0.06406457818781318,
                -0.9017269261461628,
                -0.4276480434595264,
                1.5114732880429094
            ],
            [
                0.0,
                0.0,
                0.0,
                1.0
            ]
        ],
        [
            [
                -0.6404177696448058,
                0.289459616500432,
                -0.7114331876250877,
                1.0716035408476259
            ],
            [
                0.7661874776355132,
                0.3058693768050695,
                -0.565257537860924,
                1.159832166334681
            ],
            [
                0.053983655790816404,
                -0.907066017748084,
                -0.4176355631894513,
                1.5264396868773362
            ],
            [
                0.0,
                0.0,
                0.0,
                1.0
            ]
        ],
        [
            [
                -0.6276223842151601,
                0.3128457433289863,
                -0.712937593687963,
                1.1873502425051663
            ],
            [
                0.7774247691001862,
                0.30171341064320173,
                -0.5519995217282359,
                1.1342767728660013
            ],
            [
                0.042409677499250856,
                -0.9006724955748174,
                -0.4325464531178045,
                1.5267771397233452
            ],
            [
                0.0,
                0.0,
                0.0,
                1.0
            ]
        ],
        [
            [
                -0.592262037146671,
                0.334733595632248,
                -0.7329697526118225,
                1.256043663027793
            ],
            [
                0.805131748304887,
                0.28317677420577403,
                -0.5212531672093891,
                1.094938392910912
            ],
            [
                0.03307661312564169,
                -0.8988234658208227,
                -0.43718789678755887,
                1.5315103333155442
            ],
            [
                0.0,
                0.0,
                0.0,
                1.0
            ]
        ],
        [
            [
                -0.55548600018897,
                0.33869481970562076,
                -0.7594670109919226,
                1.3147624689901387
            ],
            [
                0.8311767281639981,
                0.2550284492962652,
                -0.4942077534007891,
                1.0380091845986525
            ],
            [
                0.026295686140676063,
                -0.9057424893178593,
                -0.42314688547975104,
                1.53251018780212
            ],
            [
                0.0,
                0.0,
                0.0,
                1.0
            ]
        ],
        [
            [
                -0.5103902559359053,
                0.38884354395856385,
                -0.767058574193491,
                1.3676627957894254
            ],
            [
                0.859920843782162,
                0.21768658642275074,
                -0.4618311403373831,
                0.9800235219567249
            ],
            [
                -0.012603879797758677,
                -0.8952877230882025,
                -0.4454440894023579,
                1.5330667548918162
            ],
            [
                0.0,
                0.0,
                0.0,
                1.0
            ]
        ],
        [
            [
                -0.4228457846168105,
                0.3971503209277268,
                -0.8145868494297809,
                1.407835080959859
            ],
            [
                0.906273866625005,
                0.18680883427694223,
                -0.37936395591788086,
                0.9143898554844367
            ],
            [
                0.001502644752417719,
                -0.8986124191252466,
                -0.43888146544703244,
                1.5601407960701028
            ],
            [
                0.0,
                0.0,
                0.0,
                1.0
            ]
        ],
        [
            [
                -0.3845291469744866,
                0.39553259559506465,
                -0.8341294402147784,
                1.4552446095015437
            ],
            [
                0.9230738429151223,
                0.17899162960927942,
                -0.34065739645682,
                0.85354057381696
            ],
            [
                0.014554862294489995,
                -0.9009156155481061,
                -0.4338961084370186,
                1.5632807145479117
            ],
            [
                0.0,
                0.0,
                0.0,
                1.0
            ]
        ],
        [
            [
                -0.33138915343031927,
                0.4045242276027327,
                -0.8524225446022387,
                1.5220656988966212
            ],
            [
                0.9435616191698296,
                0.13792567982821774,
                -0.3013675260948878,
                0.7915030531452617
            ],
            [
                -0.004345879322446737,
                -0.9041413311706766,
                -0.42736299802521294,
                1.56753991477967
            ],
            [
                0.0,
                0.0,
                0.0,
                1.0
            ]
        ]
    ],
    "trj_gt": [
        [
            [
                -0.9995793154019172,
                -0.014191935117850841,
                -0.025293896462288336,
                -0.6832
            ],
            [
                0.015225986420031567,
                0.4854905164113444,
                -0.8741093340150208,
                2.6909
            ],
            [
                0.024685249809780416,
                -0.8741267342052048,
                -0.4850701918171965,
                1.7372999999999998
            ],
            [
                0.0,
                0.0,
                0.0,
                1.0
            ]
        ],
        [
            [
                -0.9884306527018434,
                0.04678687090899006,
                -0.1442769333953064,
                -0.2338
            ],
            [
                0.14847647725395755,
                0.49275102645404617,
                -0.8574095646951572,
                2.6936000000000004
            ],
            [
                0.030977096404653633,
                -0.8689116264839766,
                -0.49399696847177893,
                1.7364000000000002
            ],
            [
                0.0,
                0.0,
                0.0,
                1.0
            ]
        ],
        [
            [
                -0.9780028015149967,
                0.050869210215840205,
                -0.20229395364378844,
                0.10080000000000013
            ],
            [
                0.2006191683727073,
                0.49494885538207284,
                -0.8454451962353441,
                2.6981000000000006
            ],
            [
                0.05711803139343927,
                -0.8674318151924063,
                -0.49426670581958665,
                1.6946000000000003
            ],
            [
                0.0,
                0.0,
                0.0,
                1.0
            ]
        ],
        [
            [
                -0.9760315700474756,
                0.05999304337863176,
                -0.2091965798401818,
                0.18899999999999997
            ],
            [
                0.2103919209741095,
                0.5059419065609078,
                -0.8365154073741488,
                2.6278999999999995
            ],
            [
                0.05565621132887162,
                -0.8604787167220835,
                -0.5064373250549693,
                1.6625000000000003
            ],
            [
                0.0,
                0.0,
                0.0,
                1.0
            ]
        ],
        [
            [
                -0.9742964242529936,
                0.08589019805330685,
                -0.20825309497386682,
                0.2650999999999999
            ],
            [
                0.22352133637593333,
                0.48355038253955707,
                -0.8462961891268121,
                2.5007
            ],
            [
                0.02801231644379931,
                -0.871092361018171,
                -0.49031970050492635,
                1.6431000000000002
            ],
            [
                0.0,
                0.0,
                0.0,
                1.0
            ]
        ],
        [
            [
                -0.9550619558157069,
                0.1085400842224448,
                -0.27581825659383247,
                0.32649999999999996
            ],
            [
                0.2928694486104505,
                0.4888799656458923,
                -0.8217200650225609,
                2.3139000000000007
            ],
            [
                0.04565245474328111,
                -0.8655723131587886,
                -0.4986987307672407,
                1.6365000000000003
            ],
            [
                0.0,
                0.0,
                0.0,
                1.0
            ]
        ],
        [
            [
                -0.9395433518258135,
                0.13437704360056527,
                -0.3149620615139032,
                0.3698999999999998
            ],
            [
                0.3406507487171496,
                0.46042287361095646,
                -0.8197364484114847,
                2.1973999999999996
            ],
            [
                0.03486197697149959,
                -0.8774699924265222,
                -0.47836289044264085,
                1.6283
            ],
            [
                0.0,
                0.0,
                0.0,
                1.0
            ]
        ],
        [
            [
                -0.9252365372415753,
                0.1550989928981398,
                -0.34623929955336114,
                0.40409999999999985
            ],
            [
                0.37877331170919726,
                0.4296767487461567,
                -0.819700353741402,
                2.1256
            ],
            [
                0.021636277176694467,
                -0.8895629230070886,
                -0.45629998632590213,
                1.6305
            ],
            [
                0.0,
                0.0,
                0.0,
                1.0
            ]
        ],
        [
            [
                -0.897306611984319,
                0.1763437130223436,
                -0.40465261517345585,
                0.4391999999999998
            ],
            [
                0.4404644375904526,
                0.41761287520958257,
                -0.7947267238977888,
                2.0037999999999996
            ],
            [
                0.028843080753444685,
                -0.8913486306360039,
                -0.45239992855433964,
                1.6364999999999998
            ],
            [
                0.0,
                0.0,
                0.0,
                1.0
            ]
        ],
        [
            [
                -0.8711367471842022,
                0.19603222805190215,
                -0.4502134307973662,
                0.45340000000000014
            ],
            [
                0.4900503933396604,
                0.40526630182347506,
                -0.7717576281410948,
                1.8921
            ],
            [
                0.03116696476995749,
                -0.8929336986424754,
                -0.44910803837795804,
                1.6337000000000002
            ],
            [
                0.0,
                0.0,
                0.0,
                1.0
            ]
        ],
        [
            [
                -0.8462244788619446,
                0.2350842330621975,
                -0.4781626655651697,
                0.464
            ],
            [
                0.5326361208615177,
                0.3972131134999657,
                -0.7473422945459851,
                1.7817
            ],
            [
                0.014244091000297979,
                -0.8871060510611016,
                -0.4613458139425925,
                1.6265
            ],
            [
                0.0,
                0.0,
                0.0,
                1.0
            ]
        ],
        [
            [
                -0.8264886894678785,
                0.27378976753360923,
                -0.4918898345926255,
                0.47400000000000014
            ],
            [
                0.5629524541314268,
                0.4034953199973754,
                -0.7213016436468306,
                1.6880000000000004
            ],
            [
                0.000990236876731576,
                -0.873058239714916,
                -0.48761493978017123,
                1.6147999999999998
            ],
            [
                0.0,
                0.0,
                0.0,
                1.0
            ]
        ],
        [
            [
                -0.786377268673407,
                0.2663658511946603,
                -0.5573688407429113,
                0.49139999999999995
            ],
            [
                0.6160898171261422,
                0.4042035873579023,
                -0.6760568002767812,
                1.6029000000000002
            ],
            [
                0.045212039848136855,
                -0.875024967234848,
                -0.48196180156566754,
                1.5958
            ],
            [
                0.0,
                0.0,
                0.0,
                1.0
            ]
        ],
        [
            [
                -0.7371367809057958,
                0.2665103669945075,
                -0.6209682685293141,
                0.5261000000000001
            ],
            [
                0.6738802520572704,
                0.3581173089910683,
                -0.6462487128716196,
                1.5247999999999995
            ],
            [
                0.05014750365741762,
                -0.8948319491868005,
                -0.4435775136224567,
                1.5604000000000002
            ],
            [
                0.0,
                0.0,
                0.0,
                1.0
            ]
        ],
        [
            [
                -0.7173447253069629,
                0.29941001378861093,
                -0.6291026853522254,
                0.5566000000000001
            ],
            [
                0.6964273596710616,
                0.3342422461203213,
                -0.6350362616497082,
                1.4554999999999998
            ],
            [
                0.020136478735646335,
                -0.8936642347948957,
                -0.44828423759104236,
                1.5268000000000002
            ],
            [
                0.0,
                0.0,
                0.0,
                1.0
            ]
        ],
        [
            [
                -0.7189914840679744,
                0.2627253054592139,
                -0.6434490342747394,
                0.5902999999999998
            ],
            [
                0.6939443545663404,
                0.32282765569196414,
                -0.6436020023942871,
                1.3914999999999995
            ],
            [
                0.03863261061897167,
                -0.9092621836367074,
                -0.41442707778928917,
                1.5062
            ],
            [
                0.0,
                0.0,
                0.0,
                1.0
            ]
        ],
        [
            [
                -0.7017008456880252,
                0.28807870514708817,
                -0.6516337796657632,
                0.6125000000000007
            ],
            [
                0.7121493802327092,
                0.31110344770547854,
                -0.6293313158106253,
                1.3229000000000002
            ],
            [
                0.021428564928133043,
                -0.9056629088499439,
                -0.423456623680135,
                1.4739999999999998
            ],
            [
                0.0,
                0.0,
                0.0,
                1.0
            ]
        ],
        [
            [
                -0.6711853711538739,
                0.31674912628378027,
                -0.6702090633134548,
                0.6639000000000002
            ],
            [
                0.7411955450187471,
                0.3011557399299267,
                -0.5999453178012315,
                1.271
            ],
            [
                0.011805151138321602,
                -0.8994304927595684,
                -0.4369043683701058,
                1.4538000000000002
            ],
            [
                0.0,
                0.0,
                0.0,
                1.0
            ]
        ],
        [
            [
                -0.6462679298385877,
                0.33612981860021507,
                -0.6850945247992664,
                0.7526999999999995
            ],
            [
                0.7630494273769377,
                0.29600663519849935,
                -0.5745743148611764,
                1.2285
            ],
            [
                0.00966096485211545,
                -0.8940899378509127,
                -0.4477832609554285,
                1.4722000000000002
            ],
            [
                0.0,
                0.0,
                0.0,
                1.0
            ]
        ],
        [
            [
                -0.6694363345339994,
                0.311842126211443,
                -0.6742473450638201,
                0.8144
            ],
            [
                0.7423057633002021,
                0.31615359488131184,
                -0.5907868128309295,
                1.2019
            ],
            [
                0.02893350613022823,
                -0.8959918486032948,
                -0.4431269112336358,
                1.4892
            ],
            [
                0.0,
                0.0,
                0.0,
                1.0
            ]
        ],
        [
            [
                -0.6608218387657991,
                0.29189952931711594,
                -0.6914543818608961,
                0.8896999999999999
            ],
            [
                0.7478351662390345,
                0.3342623688946791,
                -0.5735950077163792,
                1.1766
            ],
            [
                0.06369506689237046,
                -0.8961380103116726,
                -0.4391806062751551,
                1.5150000000000001
            ],
            [
                0.0,
                0.0,
                0.0,
                1.0
            ]
        ],
        [
            [
                -0.6402144958450119,
                0.2963655759619451,
                -0.7087262127892987,
                0.9817000000000001
            ],
            [
                0.7652403127985238,
                0.32689635792575367,
                -0.5545683319870465,
                1.1546999999999998
            ],
            [
                0.06732505460773817,
                -0.8973885538380922,
                -0.4360746730348402,
                1.5283000000000002
            ],
            [
                0.0,
                0.0,
                0.0,
                1.0
            ]
        ],
        [
            [
                -0.6365073361747113,
                0.29568640882779706,
                -0.7123397775151227,
                1.0915999999999995
            ],
            [
                0.7690843669741512,
                0.31282205267695773,
                -0.5573612830426454,
                1.1353999999999997
            ],
            [
                0.05803143520319493,
                -0.9026139324171193,
                -0.4265213260023021,
                1.5423000000000004
            ],
            [
                0.0,
                0.0,
                0.0,
                1.0
            ]
        ],
        [
            [
                -0.6223259129942008,
                0.32076704766170216,
                -0.7140160776553496,
                1.2063
            ],
            [
                0.7814271752942406,
                0.30776329789949536,
                -0.5428197879385854,
                1.1045999999999996
            ],
            [
                0.04562924202306138,
                -0.8957623867970916,
                -0.44218516333316665,
                1.5418000000000003
            ],
            [
                0.0,
                0.0,
                0.0,
                1.0
            ]
        ],
        [
            [
                -0.5864800847259881,
                0.341724598160587,
                -0.734346927025492,
                1.2793999999999994
            ],
            [
                0.8091694436661648,
                0.2873340133840957,
                -0.5125270492272361,
                1.0663000000000002
            ],
            [
                0.03585974981490361,
                -0.8947980016543252,
                -0.4450287794948087,
                1.5453999999999999
            ],
            [
                0.0,
                0.0,
                0.0,
                1.0
            ]
        ],
        [
            [
                -0.5487302915201758,
                0.3495250547694545,
                -0.759425640373429,
                1.3376999999999997
            ],
            [
                0.8354266358271968,
                0.26288458225486705,
                -0.48265311825692797,
                1.0069
            ],
            [
                0.03094193462980303,
                -0.8992907941823346,
                -0.43625527410023485,
                1.5478000000000005
            ],
            [
                0.0,
                0.0,
                0.0,
                1.0
            ]
        ],
        [
            [
                -0.5018294536507641,
                0.4001495875691594,
                -0.7668425568634066,
                1.3904000000000003
            ],
            [
                0.8649074766923939,
                0.2217751515551161,
                -0.4502786236479603,
                0.9474
            ],
            [
                -0.010112181276645272,
                -0.8892109365729465,
                -0.4573856732221631,
                1.5478999999999998
            ],
            [
                0.0,
                0.0,
                0.0,
                1.0
            ]
        ],
        [
            [
                -0.41564278932602394,
                0.40248804921062725,
                -0.8156251847042896,
                1.4331
            ],
            [
                0.9095107544030379,
                0.18944097866578005,
                -0.3700031124563259,
                0.8812999999999999
            ],
            [
                0.005591002280431418,
                -0.8956090027711732,
                -0.44480698606106145,
                1.5732
            ],
            [
                0.0,
                0.0,
                0.0,
                1.0
            ]
        ],
        [
            [
                -0.3750101241753168,
                0.39969925136554985,
                -0.8364256782427428,
                1.4806
            ],
            [
                0.9267878743586019,
                0.18187215044904026,
                -0.328613385048306,
                0.8164000000000001
            ],
            [
                0.02077601280029778,
                -0.8984225227301801,
                -0.4386403172797291,
                1.5774
            ],
            [
                0.0,
                0.0,
                0.0,
                1.0
            ]
        ],
        [
            [
                -0.3217476143150684,
                0.41089197902860575,
                -0.8530218369142244,
                1.5441000000000005
            ],
            [
                0.9468235904355348,
                0.14142355533075007,
                -0.28900599750242634,
                0.7499999999999999
            ],
            [
                0.0018871346862684884,
                -0.9006481885661936,
                -0.43454491040065085,
                1.5824999999999998
            ],
            [
                0.0,
                0.0,
                0.0,
                1.0
            ]
        ]
    ]
}