{
    "trj_id": [
        0,
        82,
        107,
        116,
        126,
        141,
        150,
        156,
        165,
        173
    ],
    "trj_est": [
        [
            [
                -0.9995793154019172,
                -0.014191935117850841,
                -0.025293896462288336,
                -0.6832
            ],
            [
                0.015225986420031567,
                0.4854905164113444,
                -0.8741093340150208,
                2.6909
            ],
            [
                0.024685249809780416,
                -0.8741267342052048,
                -0.4850701918171965,
                1.7372999999999998
            ],
            [
                0.0,
                0.0,
                0.0,
                1.0
            ]
        ],
        [
            [
                -0.9891282927574889,
                0.04172471493304349,
                -0.1409749339580516,
                -0.24344636126644306
            ],
            [
                0.14303262641094627,
                0.4950077780757694,
                -0.8570446348280385,
                2.6905131681431804
            ],
            [
                0.03402400038653963,
                -0.867902999123385,
                -0.49559502417218665,
                1.7380430561775249
            ],
            [
                0.0,
                0.0,
                0.0,
                1.0
            ]
        ],
        [
            [
                -0.979208706598771,
                0.045415878350289735,
                -0.19769140715281935,
                0.08285548176111097
            ],
            [
                0.194097301318953,
                0.49294698678168936,
                -0.8481465254272481,
                2.7080699586066834
            ],
            [
                0.058932098343008214,
                -0.8688960856380119,
                -0.49151009633608883,
                1.6930070076167854
            ],
            [
                0.0,
                0.0,
                0.0,
                1.0
            ]
        ],
        [
            [
                -0.9770330282323878,
                0.05521590857418306,
                -0.20579298123742235,
                0.17553477905087017
            ],
            [
                0.20489695657413506,
                0.5085450442205673,
                -0.8363189163774094,
                2.630500074614779
            ],
            [
                0.05847598883196234,
                -0.8592901789462165,
                -0.5081778683527992,
                1.6641917453811605
            ],
            [
                0.0,
                0.0,
                0.0,
                1.0
            ]
        ],
        [
            [
                -0.9756125611724543,
                0.08110908480376593,
                -0.20394660163568754,
                0.25286544444730996
            ],
            [
                0.21746701513963887,
                0.4831065393566603,
                -0.8481460929618925,
                2.5095551291219236
            ],
            [
                0.029734410533586893,
                -0.8718260684189307,
                -0.4889613303448853,
                1.6421666021566657
            ],
            [
                0.0,
                0.0,
                0.0,
                1.0
            ]
        ],
        [
            [
                -0.9570301858104135,
                0.10218284562409914,
                -0.2713808396516818,
                0.3122054920016097
            ],
            [
                0.2858957947933638,
                0.48919776622873407,
                -0.8240075850427627,
                2.322413062581796
            ],
            [
                0.048557450967671306,
                -0.8661976550229179,
                -0.49739094964941283,
                1.635406073303642
            ],
            [
                0.0,
                0.0,
                0.0,
                1.0
            ]
        ],
        [
            [
                -0.9415798676681446,
                0.1275909183964337,
                -0.31168267488735085,
                0.3552086995830375
            ],
            [
                0.3345730812902056,
                0.4605796961449637,
                -0.8221724190123817,
                2.203039216887689
            ],
            [
                0.03865077312778761,
                -0.878431915362307,
                -0.4763595797792919,
                1.6262700532971859
            ],
            [
                0.0,
                0.0,
                0.0,
                1.0
            ]
        ],
        [
            [
                -0.9279395645355472,
                0.14944338597627896,
                -0.3414584433162912,
                0.3870035355865086
            ],
            [
                0.37194912119204343,
                0.4309543273409465,
                -0.8221764367677454,
                2.135211082681837
            ],
            [
                0.02428208422175558,
                -0.8899444159229427,
                -0.45548329999694714,
                1.6288860404151577
            ],
            [
                0.0,
                0.0,
                0.0,
                1.0
            ]
        ],
        [
            [
                -0.9005028008851241,
                0.168895213191538,
                -0.4007150440860562,
                0.4231166891411055
            ],
            [
                0.433537568463535,
                0.4206767178213746,
                -0.796945283208408,
                2.0127163171088736
            ],
            [
                0.033969189263597106,
                -0.891384511293213,
                -0.45204032140419637,
                1.6297232900251584
            ],
            [
                0.0,
                0.0,
                0.0,
                1.0
            ]
        ],
        [
            [
                -0.8762454510694143,
                0.18644617331579533,
                -0.44434002341351947,
                0.43571692098805737
            ],
            [
                0.4806990426935172,
                0.40287535549324227,
                -0.7788896230442021,
                1.9104862522064538
            ],
            [
                0.03379018029003977,
                -0.8960991957742909,
                -0.4426385362355461,
                1.620470899818593
            ],
            [
                0.0,
                0.0,
                0.0,
                1.0
            ]
        ]
    ],
    "trj_gt": [
        [
            [
                -0.9995793154019172,
                -0.014191935117850841,
                -0.025293896462288336,
                -0.6832
            ],
            [
                0.015225986420031567,
                0.4854905164113444,
                -0.8741093340150208,
                2.6909
            ],
            [
                0.024685249809780416,
                -0.8741267342052048,
                -0.4850701918171965,
                1.7372999999999998
            ],
            [
                0.0,
                0.0,
                0.0,
                1.0
            ]
        ],
        [
            [
                -0.9884306527018434,
                0.04678687090899006,
                -0.1442769333953064,
                -0.2338
            ],
            [
                0.14847647725395755,
                0.49275102645404617,
                -0.8574095646951572,
                2.6936000000000004
            ],
            [
                0.030977096404653633,
                -0.8689116264839766,
                -0.49399696847177893,
                1.7364000000000002
            ],
            [
                0.0,
                0.0,
                0.0,
                1.0
            ]
        ],
        [
            [
                -0.9780028015149967,
                0.050869210215840205,
                -0.20229395364378844,
                0.10080000000000013
            ],
            [
                0.2006191683727073,
                0.49494885538207284,
                -0.8454451962353441,
                2.6981000000000006
            ],
            [
                0.05711803139343927,
                -0.8674318151924063,
                -0.49426670581958665,
                1.6946000000000003
            ],
            [
                0.0,
                0.0,
                0.0,
                1.0
            ]
        ],
        [
            [
                -0.9760315700474756,
                0.05999304337863176,
                -0.2091965798401818,
                0.18899999999999997
            ],
            [
                0.2103919209741095,
                0.5059419065609078,
                -0.8365154073741488,
                2.6278999999999995
            ],
            [
                0.05565621132887162,
                -0.8604787167220835,
                -0.5064373250549693,
                1.6625000000000003
            ],
            [
                0.0,
                0.0,
                0.0,
                1.0
            ]
        ],
        [
            [
                -0.9742964242529936,
                0.08589019805330685,
                -0.20825309497386682,
                0.2650999999999999
            ],
            [
                0.22352133637593333,
                0.48355038253955707,
                -0.8462961891268121,
                2.5007
            ],
            [
                0.02801231644379931,
                -0.871092361018171,
                -0.49031970050492635,
                1.6431000000000002
            ],
            [
                0.0,
                0.0,
                0.0,
                1.0
            ]
        ],
        [
            [
                -0.9550619558157069,
                0.1085400842224448,
                -0.27581825659383247,
                0.32649999999999996
            ],
            [
                0.2928694486104505,
                0.4888799656458923,
                -0.8217200650225609,
                2.3139000000000007
            ],
            [
                0.04565245474328111,
                -0.8655723131587886,
                -0.4986987307672407,
                1.6365000000000003
            ],
            [
                0.0,
                0.0,
                0.0,
                1.0
            ]
        ],
        [
            [
                -0.9395433518258135,
                0.13437704360056527,
                -0.3149620615139032,
                0.3698999999999998
            ],
            [
                0.3406507487171496,
                0.46042287361095646,
                -0.8197364484114847,
                2.1973999999999996
            ],
            [
                0.03486197697149959,
                -0.8774699924265222,
                -0.47836289044264085,
                1.6283
            ],
            [
                0.0,
                0.0,
                0.0,
                1.0
            ]
        ],
        [
            [
                -0.9252365372415753,
                0.1550989928981398,
                -0.34623929955336114,
                0.40409999999999985
            ],
            [
                0.37877331170919726,
                0.4296767487461567,
                -0.819700353741402,
                2.1256
            ],
            [
                0.021636277176694467,
                -0.8895629230070886,
                -0.45629998632590213,
                1.6305
            ],
            [
                0.0,
                0.0,
                0.0,
                1.0
            ]
        ],
        [
            [
                -0.897306611984319,
                0.1763437130223436,
                -0.40465261517345585,
                0.4391999999999998
            ],
            [
                0.4404644375904526,
                0.41761287520958257,
                -0.7947267238977888,
                2.0037999999999996
            ],
            [
                0.028843080753444685,
                -0.8913486306360039,
                -0.45239992855433964,
                1.6364999999999998
            ],
            [
                0.0,
                0.0,
                0.0,
                1.0
            ]
        ],
        [
            [
                -0.8711367471842022,
                0.19603222805190215,
                -0.4502134307973662,
                0.45340000000000014
            ],
            [
                0.4900503933396604,
                0.40526630182347506,
                -0.7717576281410948,
                1.8921
            ],
            [
                0.03116696476995749,
                -0.8929336986424754,
                -0.44910803837795804,
                1.6337000000000002
            ],
            [
                0.0,
                0.0,
                0.0,
                1.0
            ]
        ]
    ]
}