{
    "trj_id": [
        0,
        82,
        107,
        116,
        126
    ],
    "trj_est": [
        [
            [
                -0.9995793154019172,
                -0.014191935117850841,
                -0.025293896462288336,
                -0.6832
            ],
            [
                0.015225986420031567,
                0.4854905164113444,
                -0.8741093340150208,
                2.6909
            ],
            [
                0.024685249809780416,
                -0.8741267342052048,
                -0.4850701918171965,
                1.7372999999999998
            ],
            [
                0.0,
                0.0,
                0.0,
                1.0
            ]
        ],
        [
            [
                -0.9891256213351608,
                0.041792829484999114,
                -0.1409745938148078,
                -0.24338994837703146
            ],
            [
                0.1430671533270802,
                0.4949794638211317,
                -0.8570552794313293,
                2.6905664475710287
            ],
            [
                0.03396103548954966,
                -0.8679156956238341,
                -0.4955768517802793,
                1.7380598452928868
            ],
            [
                0.0,
                0.0,
                0.0,
                1.0
            ]
        ],
        [
            [
                -0.9792871007215349,
                0.04537157893735234,
                -0.1973128450115664,
                0.08185565305974779
            ],
            [
                0.19373332549150007,
                0.49315795100074133,
                -0.8481069756709465,
                2.7084475232580734
            ],
            [
                0.058826258122875945,
                -0.8687789175526154,
                -0.4917299606131516,
                1.6936846245890662
            ],
            [
                0.0,
                0.0,
                0.0,
                1.0
            ]
        ],
        [
            [
                -0.9771701647362577,
                0.05481816957241498,
                -0.20524659220850097,
                0.173741098468524
            ],
            [
                0.2042031729765521,
                0.5089081708060549,
                -0.8362669269948431,
                2.631417980536432
            ],
            [
                0.05860827379534951,
                -0.8591008068403819,
                -0.5084826851019291,
                1.6650936354975145
            ],
            [
                0.0,
                0.0,
                0.0,
                1.0
            ]
        ],
        [
            [
                -0.9760488866243522,
                0.08068367453931878,
                -0.2020202120676171,
                0.24822648522337096
            ],
            [
                0.21557606754274386,
                0.48336099610594463,
                -0.8484838686471499,
                2.512483895542772
            ],
            [
                0.029188535094620924,
                -0.8717242362363874,
                -0.48917523988496364,
                1.643528427286654
            ],
            [
                0.0,
                0.0,
                0.0,
                1.0
            ]
        ]
    ],
    "trj_gt": [
        [
            [
                -0.9995793154019172,
                -0.014191935117850841,
                -0.025293896462288336,
                -0.6832
            ],
            [
                0.015225986420031567,
                0.4854905164113444,
                -0.8741093340150208,
                2.6909
            ],
            [
                0.024685249809780416,
                -0.8741267342052048,
                -0.4850701918171965,
                1.7372999999999998
            ],
            [
                0.0,
                0.0,
                0.0,
                1.0
            ]
        ],
        [
            [
                -0.9884306527018434,
                0.04678687090899006,
                -0.1442769333953064,
                -0.2338
            ],
            [
                0.14847647725395755,
                0.49275102645404617,
                -0.8574095646951572,
                2.6936000000000004
            ],
            [
                0.030977096404653633,
                -0.8689116264839766,
                -0.49399696847177893,
                1.7364000000000002
            ],
            [
                0.0,
                0.0,
                0.0,
                1.0
            ]
        ],
        [
            [
                -0.9780028015149967,
                0.050869210215840205,
                -0.20229395364378844,
                0.10080000000000013
            ],
            [
                0.2006191683727073,
                0.49494885538207284,
                -0.8454451962353441,
                2.6981000000000006
            ],
            [
                0.05711803139343927,
                -0.8674318151924063,
                -0.49426670581958665,
                1.6946000000000003
            ],
            [
                0.0,
                0.0,
                0.0,
                1.0
            ]
        ],
        [
            [
                -0.9760315700474756,
                0.05999304337863176,
                -0.2091965798401818,
                0.18899999999999997
            ],
            [
                0.2103919209741095,
                0.5059419065609078,
                -0.8365154073741488,
                2.6278999999999995
            ],
            [
                0.05565621132887162,
                -0.8604787167220835,
                -0.5064373250549693,
                1.6625000000000003
            ],
            [
                0.0,
                0.0,
                0.0,
                1.0
            ]
        ],
        [
            [
                -0.9742964242529936,
                0.08589019805330685,
                -0.20825309497386682,
                0.2650999999999999
            ],
            [
                0.22352133637593333,
                0.48355038253955707,
                -0.8462961891268121,
                2.5007
            ],
            [
                0.02801231644379931,
                -0.871092361018171,
                -0.49031970050492635,
                1.6431000000000002
            ],
            [
                0.0,
                0.0,
                0.0,
                1.0
            ]
        ]
    ]
}