{
    "trj_id": [
        0,
        82,
        107,
        116,
        126,
        141,
        150,
        156,
        165,
        173,
        180,
        187,
        195,
        203,
        210
    ],
    "trj_est": [
        [
            [
                -0.9995793154019172,
                -0.014191935117850841,
                -0.025293896462288336,
                -0.6832
            ],
            [
                0.015225986420031567,
                0.4854905164113444,
                -0.8741093340150208,
                2.6909
            ],
            [
                0.024685249809780416,
                -0.8741267342052048,
                -0.4850701918171965,
                1.7372999999999998
            ],
            [
                0.0,
                0.0,
                0.0,
                1.0
            ]
        ],
        [
            [
                -0.9891282927574889,
                0.04172471493304349,
                -0.1409749339580516,
                -0.24344636126644306
            ],
            [
                0.14303262641094627,
                0.4950077780757694,
                -0.8570446348280385,
                2.6905131681431804
            ],
            [
                0.03402400038653963,
                -0.867902999123385,
                -0.49559502417218665,
                1.7380430561775249
            ],
            [
                0.0,
                0.0,
                0.0,
                1.0
            ]
        ],
        [
            [
                -0.979208706598771,
                0.045415878350289735,
                -0.19769140715281935,
                0.08285548176111097
            ],
            [
                0.194097301318953,
                0.49294698678168936,
                -0.8481465254272481,
                2.7080699586066834
            ],
            [
                0.058932098343008214,
                -0.8688960856380119,
                -0.49151009633608883,
                1.6930070076167854
            ],
            [
                0.0,
                0.0,
                0.0,
                1.0
            ]
        ],
        [
            [
                -0.9770330282323878,
                0.05521590857418306,
                -0.20579298123742235,
                0.17553477905087017
            ],
            [
                0.20489695657413506,
                0.5085450442205673,
                -0.8363189163774094,
                2.630500074614779
            ],
            [
                0.05847598883196234,
                -0.8592901789462165,
                -0.5081778683527992,
                1.6641917453811605
            ],
            [
                0.0,
                0.0,
                0.0,
                1.0
            ]
        ],
        [
            [
                -0.9756125611724543,
                0.08110908480376593,
                -0.20394660163568754,
                0.25286544444730996
            ],
            [
                0.21746701513963887,
                0.4831065393566603,
                -0.8481460929618925,
                2.5095551291219236
            ],
            [
                0.029734410533586893,
                -0.8718260684189307,
                -0.4889613303448853,
                1.6421666021566657
            ],
            [
                0.0,
                0.0,
                0.0,
                1.0
            ]
        ],
        [
            [
                -0.9570301858104135,
                0.10218284562409914,
                -0.2713808396516818,
                0.3122054920016097
            ],
            [
                0.2858957947933638,
                0.48919776622873407,
                -0.8240075850427627,
                2.322413062581796
            ],
            [
                0.048557450967671306,
                -0.8661976550229179,
                -0.49739094964941283,
                1.635406073303642
            ],
            [
                0.0,
                0.0,
                0.0,
                1.0
            ]
        ],
        [
            [
                -0.9415764322091691,
                0.12762216261834103,
                -0.3116805563477757,
                0.35526829948363314
            ],
            [
                0.33458685513334735,
                0.46056168595248465,
                -0.8221768943858538,
                2.203194711110407
            ],
            [
                0.03861796587320783,
                -0.8784369120366042,
                -0.4763531955551564,
                1.6263205288878642
            ],
            [
                0.0,
                0.0,
                0.0,
                1.0
            ]
        ],
        [
            [
                -0.9279247690903094,
                0.14949900889783782,
                -0.341473695624322,
                0.38710227074655285
            ],
            [
                0.3719909564168928,
                0.4308464965750443,
                -0.8222142115412683,
                2.134922496534699
            ],
            [
                0.024200544060339873,
                -0.8899874418819321,
                -0.4554037968231529,
                1.6288392357770314
            ],
            [
                0.0,
                0.0,
                0.0,
                1.0
            ]
        ],
        [
            [
                -0.9005033636890977,
                0.16911699780052375,
                -0.40062011451445206,
                0.4232862775331796
            ],
            [
                0.4335429367897579,
                0.4209415997382453,
                -0.7968028619276756,
                2.012082871969835
            ],
            [
                0.03388265392686146,
                -0.8912180288032431,
                -0.45237595345623466,
                1.6303597762542161
            ],
            [
                0.0,
                0.0,
                0.0,
                1.0
            ]
        ],
        [
            [
                -0.8759658542729616,
                0.186727970055906,
                -0.44477443775244335,
                0.4368306598622307
            ],
            [
                0.4812031810055985,
                0.40302681588376144,
                -0.778500137204975,
                1.9099003324708785
            ],
            [
                0.03388579437155873,
                -0.8959729980659522,
                -0.4428877551218343,
                1.6209520758708353
            ],
            [
                0.0,
                0.0,
                0.0,
                1.0
            ]
        ],
        [
            [
                -0.8508951333497308,
                0.2279609886007198,
                -0.47331026257390535,
                0.44762075859870704
            ],
            [
                0.525126716422626,
                0.396102138489263,
                -0.753261410438839,
                1.8002198999387395
            ],
            [
                0.015762593166917215,
                -0.8894958270589955,
                -0.4567432705291636,
                1.611951633747033
            ],
            [
                0.0,
                0.0,
                0.0,
                1.0
            ]
        ],
        [
            [
                -0.8311642937942841,
                0.2661605640695974,
                -0.4881962066069035,
                0.4573232798765716
            ],
            [
                0.556054008230781,
                0.39951779881458893,
                -0.7288686991714469,
                1.7065294063259395
            ],
            [
                0.001044076373690982,
                -0.8772752627415155,
                -0.4800577446494946,
                1.5988744001016961
            ],
            [
                0.0,
                0.0,
                0.0,
                1.0
            ]
        ],
        [
            [
                -0.7909372562132946,
                0.2602390923226926,
                -0.5538170908304604,
                0.47201465531486436
            ],
            [
                0.6099842174066996,
                0.40746138229826007,
                -0.6796739756919422,
                1.6109645317315737
            ],
            [
                0.04877730865739172,
                -0.8753967813030358,
                -0.4810093124310246,
                1.5844649703111975
            ],
            [
                0.0,
                0.0,
                0.0,
                1.0
            ]
        ],
        [
            [
                -0.7429759176705287,
                0.2556176644923843,
                -0.6186054473197468,
                0.5060831376299106
            ],
            [
                0.66755453671511,
                0.3507482568268237,
                -0.656820144681712,
                1.5481685109136534
            ],
            [
                0.049075453364468315,
                -0.9009482090230275,
                -0.43122538167752733,
                1.545148468044903
            ],
            [
                0.0,
                0.0,
                0.0,
                1.0
            ]
        ],
        [
            [
                -0.72214655307864,
                0.28838946850668584,
                -0.6287807513529493,
                0.5377515877285413
            ],
            [
                0.6915707042246879,
                0.3233654985260347,
                -0.6459384298779363,
                1.4786685585939798
            ],
            [
                0.017040487726723993,
                -0.901300918864088,
                -0.4329454974589424,
                1.5077575875339477
            ],
            [
                0.0,
                0.0,
                0.0,
                1.0
            ]
        ]
    ],
    "trj_gt": [
        [
            [
                -0.9995793154019172,
                -0.014191935117850841,
                -0.025293896462288336,
                -0.6832
            ],
            [
                0.015225986420031567,
                0.4854905164113444,
                -0.8741093340150208,
                2.6909
            ],
            [
                0.024685249809780416,
                -0.8741267342052048,
                -0.4850701918171965,
                1.7372999999999998
            ],
            [
                0.0,
                0.0,
                0.0,
                1.0
            ]
        ],
        [
            [
                -0.9884306527018434,
                0.04678687090899006,
                -0.1442769333953064,
                -0.2338
            ],
            [
                0.14847647725395755,
                0.49275102645404617,
                -0.8574095646951572,
                2.6936000000000004
            ],
            [
                0.030977096404653633,
                -0.8689116264839766,
                -0.49399696847177893,
                1.7364000000000002
            ],
            [
                0.0,
                0.0,
                0.0,
                1.0
            ]
        ],
        [
            [
                -0.9780028015149967,
                0.050869210215840205,
                -0.20229395364378844,
                0.10080000000000013
            ],
            [
                0.2006191683727073,
                0.49494885538207284,
                -0.8454451962353441,
                2.6981000000000006
            ],
            [
                0.05711803139343927,
                -0.8674318151924063,
                -0.49426670581958665,
                1.6946000000000003
            ],
            [
                0.0,
                0.0,
                0.0,
                1.0
            ]
        ],
        [
            [
                -0.9760315700474756,
                0.05999304337863176,
                -0.2091965798401818,
                0.18899999999999997
            ],
            [
                0.2103919209741095,
                0.5059419065609078,
                -0.8365154073741488,
                2.6278999999999995
            ],
            [
                0.05565621132887162,
                -0.8604787167220835,
                -0.5064373250549693,
                1.6625000000000003
            ],
            [
                0.0,
                0.0,
                0.0,
                1.0
            ]
        ],
        [
            [
                -0.9742964242529936,
                0.08589019805330685,
                -0.20825309497386682,
                0.2650999999999999
            ],
            [
                0.22352133637593333,
                0.48355038253955707,
                -0.8462961891268121,
                2.5007
            ],
            [
                0.02801231644379931,
                -0.871092361018171,
                -0.49031970050492635,
                1.6431000000000002
            ],
            [
                0.0,
                0.0,
                0.0,
                1.0
            ]
        ],
        [
            [
                -0.9550619558157069,
                0.1085400842224448,
                -0.27581825659383247,
                0.32649999999999996
            ],
            [
                0.2928694486104505,
                0.4888799656458923,
                -0.8217200650225609,
                2.3139000000000007
            ],
            [
                0.04565245474328111,
                -0.8655723131587886,
                -0.4986987307672407,
                1.6365000000000003
            ],
            [
                0.0,
                0.0,
                0.0,
                1.0
            ]
        ],
        [
            [
                -0.9395433518258135,
                0.13437704360056527,
                -0.3149620615139032,
                0.3698999999999998
            ],
            [
                0.3406507487171496,
                0.46042287361095646,
                -0.8197364484114847,
                2.1973999999999996
            ],
            [
                0.03486197697149959,
                -0.8774699924265222,
                -0.47836289044264085,
                1.6283
            ],
            [
                0.0,
                0.0,
                0.0,
                1.0
            ]
        ],
        [
            [
                -0.9252365372415753,
                0.1550989928981398,
                -0.34623929955336114,
                0.40409999999999985
            ],
            [
                0.37877331170919726,
                0.4296767487461567,
                -0.819700353741402,
                2.1256
            ],
            [
                0.021636277176694467,
                -0.8895629230070886,
                -0.45629998632590213,
                1.6305
            ],
            [
                0.0,
                0.0,
                0.0,
                1.0
            ]
        ],
        [
            [
                -0.897306611984319,
                0.1763437130223436,
                -0.40465261517345585,
                0.4391999999999998
            ],
            [
                0.4404644375904526,
                0.41761287520958257,
                -0.7947267238977888,
                2.0037999999999996
            ],
            [
                0.028843080753444685,
                -0.8913486306360039,
                -0.45239992855433964,
                1.6364999999999998
            ],
            [
                0.0,
                0.0,
                0.0,
                1.0
            ]
        ],
        [
            [
                -0.8711367471842022,
                0.19603222805190215,
                -0.4502134307973662,
                0.45340000000000014
            ],
            [
                0.4900503933396604,
                0.40526630182347506,
                -0.7717576281410948,
                1.8921
            ],
            [
                0.03116696476995749,
                -0.8929336986424754,
                -0.44910803837795804,
                1.6337000000000002
            ],
            [
                0.0,
                0.0,
                0.0,
                1.0
            ]
        ],
        [
            [
                -0.8462244788619446,
                0.2350842330621975,
                -0.4781626655651697,
                0.464
            ],
            [
                0.5326361208615177,
                0.3972131134999657,
                -0.7473422945459851,
                1.7817
            ],
            [
                0.014244091000297979,
                -0.8871060510611016,
                -0.4613458139425925,
                1.6265
            ],
            [
                0.0,
                0.0,
                0.0,
                1.0
            ]
        ],
        [
            [
                -0.8264886894678785,
                0.27378976753360923,
                -0.4918898345926255,
                0.47400000000000014
            ],
            [
                0.5629524541314268,
                0.4034953199973754,
                -0.7213016436468306,
                1.6880000000000004
            ],
            [
                0.000990236876731576,
                -0.873058239714916,
                -0.48761493978017123,
                1.6147999999999998
            ],
            [
                0.0,
                0.0,
                0.0,
                1.0
            ]
        ],
        [
            [
                -0.786377268673407,
                0.2663658511946603,
                -0.5573688407429113,
                0.49139999999999995
            ],
            [
                0.6160898171261422,
                0.4042035873579023,
                -0.6760568002767812,
                1.6029000000000002
            ],
            [
                0.045212039848136855,
                -0.875024967234848,
                -0.48196180156566754,
                1.5958
            ],
            [
                0.0,
                0.0,
                0.0,
                1.0
            ]
        ],
        [
            [
                -0.7371367809057958,
                0.2665103669945075,
                -0.6209682685293141,
                0.5261000000000001
            ],
            [
                0.6738802520572704,
                0.3581173089910683,
                -0.6462487128716196,
                1.5247999999999995
            ],
            [
                0.05014750365741762,
                -0.8948319491868005,
                -0.4435775136224567,
                1.5604000000000002
            ],
            [
                0.0,
                0.0,
                0.0,
                1.0
            ]
        ],
        [
            [
                -0.7173447253069629,
                0.29941001378861093,
                -0.6291026853522254,
                0.5566000000000001
            ],
            [
                0.6964273596710616,
                0.3342422461203213,
                -0.6350362616497082,
                1.4554999999999998
            ],
            [
                0.020136478735646335,
                -0.8936642347948957,
                -0.44828423759104236,
                1.5268000000000002
            ],
            [
                0.0,
                0.0,
                0.0,
                1.0
            ]
        ]
    ]
}